#Layer_Color=16711935
#
#Feature symbol names
#
$0 r2
$1 r5

#
#Feature attribute names
#

#
#Layer features
#
A 0.0296509 1.9128555 0.0303567 1.9138677 0.0271654 1.915341 1 P 0 N
A 0.0432776 1.9219863 0.0435102 1.9221458 0.0414075 1.9249625 1 P 0 N
A 0.0435102 1.9221458 0.0456658 1.922205 0.0444961 1.9255197 1 P 0 N
A 0.3063636 1.775 0.3063636 1.775 0.155 1.775 0 P 0 N
A 0.3113636 0.17 0.3113636 0.17 0.16 0.17 0 P 0 N
A 4.0813636 0.165 4.0813636 0.165 3.93 0.165 0 P 0 N
A 4.0813636 1.775 4.0813636 1.775 3.93 1.775 0 P 0 N
L 0.001034 0.0819284 0.001034 1.8535819 1 P 0
L 0.001034 0.0819284 0.0029419 0.0649967 1 P 0
L 0.001034 1.8535819 0.0029419 1.8705134 1 P 0
L 0.0029419 0.0649967 0.0085037 0.0491012 1 P 0
L 0.0029419 1.8705134 0.0085037 1.8864089 1 P 0
L 0.0085037 0.0491012 0.0174629 0.0348425 1 P 0
L 0.0085037 1.8864089 0.0174628 1.9006674 1 P 0
L 0.0174628 1.9006674 0.0296509 1.9128555 1 P 0
L 0.0174629 0.0348425 0.0293707 0.0229351 1 P 0
L 0.0293707 0.0229351 0.0436295 0.0139756 1 P 0
L 0.0303567 1.9138677 0.0432776 1.9219863 1 P 0
L 0.0436295 0.0139756 0.0595254 0.0084134 1 P 0
L 0.0456658 1.922205 0.0595301 1.9270974 1 P 0
L 0.0595254 0.0084134 0.0764565 0.0065057 1 P 0
L 0.0595301 1.9270974 0.0764563 1.9290044 1 P 0
L 0.0764563 1.9290044 4.0134642 1.9290044 1 P 0
L 0.0764565 0.0065072 4.0134644 0.0065072 1 P 0
L 4.013464 0.0065072 4.0303959 0.0084149 1 P 0
L 4.0134642 1.9290044 4.0303958 1.9270969 1 P 0
L 4.0303958 1.9270969 4.0462918 1.9215347 1 P 0
L 4.0303959 0.0084149 4.0462918 0.0139771 1 P 0
L 4.0462918 0.0139771 4.0605505 0.0229365 1 P 0
L 4.0462918 1.9215347 4.0605502 1.9125756 1 P 0
L 4.0605502 1.9125756 4.0724577 1.9006674 1 P 0
L 4.0605505 0.0229365 4.0724575 0.0348439 1 P 0
L 4.0724575 0.0348439 4.081417 0.049103 1 P 0
L 4.0724577 1.9006674 4.081417 1.8864086 1 P 0
L 4.081417 0.049103 4.0869793 0.064998 1 P 0
L 4.081417 1.8864086 4.0869793 1.8705136 1 P 0
L 4.0869793 0.064998 4.0888872 0.0819294 1 P 0
L 4.0869793 1.8705136 4.0888872 1.8535829 1 P 0
L 4.0888872 0.0819294 4.0888872 1.8535829 1 P 0
