#Layer_Color=9474304
#
#Feature symbol names
#
$0 r5

#
#Feature attribute names
#

#
#Layer features
#
L 0.041 0.965 0.049 0.965 0 P 0
L 0.045 0.961 0.045 0.969 0 P 0
L 0.061 1.025 0.069 1.025 0 P 0
L 0.065 1.021 0.065 1.029 0 P 0
L 0.079252 0.58 0.110748 0.58 0 P 0
L 0.0861024 1.775 0.2238976 1.775 0 P 0
L 0.0911024 0.17 0.2288976 0.17 0 P 0
L 0.095 0.564252 0.095 0.595748 0 P 0
L 0.096 1.195 0.104 1.195 0 P 0
L 0.1 1.191 0.1 1.199 0 P 0
L 0.1287165 0.9 0.1367165 0.9 0 P 0
L 0.1327165 0.896 0.1327165 0.904 0 P 0
L 0.146 1.19 0.154 1.19 0 P 0
L 0.15 1.186 0.15 1.194 0 P 0
L 0.151 1.165 0.159 1.165 0 P 0
L 0.155 1.161 0.155 1.169 0 P 0
L 0.155 1.7061024 0.155 1.8438976 0 P 0
L 0.16 0.1011024 0.16 0.2388976 0 P 0
L 0.186 1.39 0.194 1.39 0 P 0
L 0.19 1.386 0.19 1.394 0 P 0
L 0.201 1.12 0.209 1.12 0 P 0
L 0.2012993 0.3949606 0.2327953 0.3949606 0 P 0
L 0.205 1.116 0.205 1.124 0 P 0
L 0.206 1.04 0.214 1.04 0 P 0
L 0.206 1.5 0.214 1.5 0 P 0
L 0.21 1.036 0.21 1.044 0 P 0
L 0.21 1.496 0.21 1.504 0 P 0
L 0.2170473 0.3792126 0.2170473 0.4107086 0 P 0
L 0.236 1.39 0.244 1.39 0 P 0
L 0.24 1.386 0.24 1.394 0 P 0
L 0.246 0.77 0.254 0.77 0 P 0
L 0.25 0.766 0.25 0.774 0 P 0
L 0.286 1.39 0.294 1.39 0 P 0
L 0.29 1.386 0.29 1.394 0 P 0
L 0.296 1.505 0.304 1.505 0 P 0
L 0.3 1.501 0.3 1.509 0 P 0
L 0.3115355 0.58 0.3430315 0.58 0 P 0
L 0.326 1.89 0.334 1.89 0 P 0
L 0.3272835 0.564252 0.3272835 0.595748 0 P 0
L 0.33 1.886 0.33 1.894 0 P 0
L 0.336 1.39 0.344 1.39 0 P 0
L 0.34 1.386 0.34 1.394 0 P 0
L 0.351 0.045 0.359 0.045 0 P 0
L 0.355 0.041 0.355 0.049 0 P 0
L 0.371 1.04 0.379 1.04 0 P 0
L 0.375 1.036 0.375 1.044 0 P 0
L 0.381 1.505 0.389 1.505 0 P 0
L 0.385 1.501 0.385 1.509 0 P 0
L 0.386 1.39 0.394 1.39 0 P 0
L 0.39 1.386 0.39 1.394 0 P 0
L 0.411 1.04 0.419 1.04 0 P 0
L 0.415 1.036 0.415 1.044 0 P 0
L 0.451 1.04 0.459 1.04 0 P 0
L 0.455 1.036 0.455 1.044 0 P 0
L 0.601 1.895 0.609 1.895 0 P 0
L 0.605 1.891 0.605 1.899 0 P 0
L 0.611 0.96 0.619 0.96 0 P 0
L 0.611 0.995 0.619 0.995 0 P 0
L 0.611 1.035 0.619 1.035 0 P 0
L 0.611 1.065 0.619 1.065 0 P 0
L 0.615 0.956 0.615 0.964 0 P 0
L 0.615 0.991 0.615 0.999 0 P 0
L 0.615 1.031 0.615 1.039 0 P 0
L 0.615 1.061 0.615 1.069 0 P 0
L 0.626 0.045 0.634 0.045 0 P 0
L 0.63 0.041 0.63 0.049 0 P 0
L 0.755 0.905 0.795 0.905 0 P 0
L 0.755 1.005 0.795 1.005 0 P 0
L 0.755 1.105 0.795 1.105 0 P 0
L 0.755 1.205 0.795 1.205 0 P 0
L 0.755 1.305 0.795 1.305 0 P 0
L 0.755 1.405 0.795 1.405 0 P 0
L 0.755 1.505 0.795 1.505 0 P 0
L 0.755 1.605 0.795 1.605 0 P 0
L 0.775 0.885 0.775 0.925 0 P 0
L 0.775 0.985 0.775 1.025 0 P 0
L 0.775 1.085 0.775 1.125 0 P 0
L 0.775 1.185 0.775 1.225 0 P 0
L 0.775 1.285 0.775 1.325 0 P 0
L 0.775 1.385 0.775 1.425 0 P 0
L 0.775 1.485 0.775 1.525 0 P 0
L 0.775 1.585 0.775 1.625 0 P 0
L 0.876 1.895 0.884 1.895 0 P 0
L 0.88 1.891 0.88 1.899 0 P 0
L 0.901 0.045 0.909 0.045 0 P 0
L 0.905 0.041 0.905 0.049 0 P 0
L 0.926 1.51 0.934 1.51 0 P 0
L 0.93 1.506 0.93 1.514 0 P 0
L 1.151 1.89 1.159 1.89 0 P 0
L 1.155 1.886 1.155 1.894 0 P 0
L 1.166 1.65 1.174 1.65 0 P 0
L 1.17 1.646 1.17 1.654 0 P 0
L 1.176 0.045 1.184 0.045 0 P 0
L 1.176 0.29 1.184 0.29 0 P 0
L 1.176 0.565 1.184 0.565 0 P 0
L 1.176 0.84 1.184 0.84 0 P 0
L 1.176 1.115 1.184 1.115 0 P 0
L 1.176 1.385 1.184 1.385 0 P 0
L 1.18 0.041 1.18 0.049 0 P 0
L 1.18 0.286 1.18 0.294 0 P 0
L 1.18 0.561 1.18 0.569 0 P 0
L 1.18 0.836 1.18 0.844 0 P 0
L 1.18 1.111 1.18 1.119 0 P 0
L 1.18 1.381 1.18 1.389 0 P 0
L 1.376 1.885 1.384 1.885 0 P 0
L 1.38 1.881 1.38 1.889 0 P 0
L 1.446 0.045 1.454 0.045 0 P 0
L 1.45 0.041 1.45 0.049 0 P 0
L 1.456 1.31 1.464 1.31 0 P 0
L 1.46 1.306 1.46 1.314 0 P 0
L 1.461 1.395 1.469 1.395 0 P 0
L 1.465 1.391 1.465 1.399 0 P 0
L 1.651 1.89 1.659 1.89 0 P 0
L 1.655 0.905 1.695 0.905 0 P 0
L 1.655 1.005 1.695 1.005 0 P 0
L 1.655 1.105 1.695 1.105 0 P 0
L 1.655 1.205 1.695 1.205 0 P 0
L 1.655 1.305 1.695 1.305 0 P 0
L 1.655 1.405 1.695 1.405 0 P 0
L 1.655 1.505 1.695 1.505 0 P 0
L 1.655 1.605 1.695 1.605 0 P 0
L 1.655 1.886 1.655 1.894 0 P 0
L 1.675 0.885 1.675 0.925 0 P 0
L 1.675 0.985 1.675 1.025 0 P 0
L 1.675 1.085 1.675 1.125 0 P 0
L 1.675 1.185 1.675 1.225 0 P 0
L 1.675 1.285 1.675 1.325 0 P 0
L 1.675 1.385 1.675 1.425 0 P 0
L 1.675 1.485 1.675 1.525 0 P 0
L 1.675 1.585 1.675 1.625 0 P 0
L 1.721 0.045 1.729 0.045 0 P 0
L 1.725 0.041 1.725 0.049 0 P 0
L 1.966 1.44 1.974 1.44 0 P 0
L 1.966 1.885 1.974 1.885 0 P 0
L 1.97 1.436 1.97 1.444 0 P 0
L 1.97 1.881 1.97 1.889 0 P 0
L 1.996 0.045 2.004 0.045 0 P 0
L 2 0.041 2 0.049 0 P 0
L 2.0507718 0.425 2.0927718 0.425 0 P 0
L 2.0507718 0.8920551 2.0927718 0.8920551 0 P 0
L 2.0507718 1.3870551 2.0927718 1.3870551 0 P 0
L 2.0507718 1.83 2.0927718 1.83 0 P 0
L 2.061 1.09 2.069 1.09 0 P 0
L 2.061 1.645 2.069 1.645 0 P 0
L 2.065 1.086 2.065 1.094 0 P 0
L 2.065 1.641 2.065 1.649 0 P 0
L 2.066 0.17 2.074 0.17 0 P 0
L 2.066 0.645 2.074 0.645 0 P 0
L 2.07 0.166 2.07 0.174 0 P 0
L 2.07 0.641 2.07 0.649 0 P 0
L 2.0717718 0.404 2.0717718 0.446 0 P 0
L 2.0717718 0.8710551 2.0717718 0.9130551 0 P 0
L 2.0717718 1.3660551 2.0717718 1.4080551 0 P 0
L 2.0717718 1.809 2.0717718 1.851 0 P 0
L 2.081 1.57 2.089 1.57 0 P 0
L 2.085 1.566 2.085 1.574 0 P 0
L 2.1507718 0.425 2.1927718 0.425 0 P 0
L 2.1507718 0.8920551 2.1927718 0.8920551 0 P 0
L 2.1507718 1.3870551 2.1927718 1.3870551 0 P 0
L 2.1507718 1.83 2.1927718 1.83 0 P 0
L 2.1717718 0.404 2.1717718 0.446 0 P 0
L 2.1717718 0.8710551 2.1717718 0.9130551 0 P 0
L 2.1717718 1.3660551 2.1717718 1.4080551 0 P 0
L 2.1717718 1.809 2.1717718 1.851 0 P 0
L 2.216 1.035 2.224 1.035 0 P 0
L 2.22 1.031 2.22 1.039 0 P 0
L 2.236 1.73 2.244 1.73 0 P 0
L 2.24 1.726 2.24 1.734 0 P 0
L 2.241 0.115 2.249 0.115 0 P 0
L 2.245 0.111 2.245 0.119 0 P 0
L 2.246 0.5961417 2.254 0.5961417 0 P 0
L 2.25 0.5921417 2.25 0.6001417 0 P 0
L 2.261 1.1438583 2.269 1.1438583 0 P 0
L 2.261 1.52 2.269 1.52 0 P 0
L 2.265 1.1398583 2.265 1.1478583 0 P 0
L 2.265 1.516 2.265 1.524 0 P 0
L 2.271 1.61 2.279 1.61 0 P 0
L 2.275 1.606 2.275 1.614 0 P 0
L 2.351 1.885 2.359 1.885 0 P 0
L 2.355 1.881 2.355 1.889 0 P 0
L 2.4307718 0.42 2.4727718 0.42 0 P 0
L 2.4307718 0.8920551 2.4727718 0.8920551 0 P 0
L 2.4307718 1.3870551 2.4727718 1.3870551 0 P 0
L 2.4307718 1.83 2.4727718 1.83 0 P 0
L 2.446 0.165 2.454 0.165 0 P 0
L 2.446 1.105 2.454 1.105 0 P 0
L 2.45 0.161 2.45 0.169 0 P 0
L 2.45 1.101 2.45 1.109 0 P 0
L 2.451 0.635 2.459 0.635 0 P 0
L 2.451 1.56 2.459 1.56 0 P 0
L 2.451 1.64 2.459 1.64 0 P 0
L 2.4517718 0.399 2.4517718 0.441 0 P 0
L 2.4517718 0.8710551 2.4517718 0.9130551 0 P 0
L 2.4517718 1.3660551 2.4517718 1.4080551 0 P 0
L 2.4517718 1.809 2.4517718 1.851 0 P 0
L 2.455 0.631 2.455 0.639 0 P 0
L 2.455 1.556 2.455 1.564 0 P 0
L 2.455 1.636 2.455 1.644 0 P 0
L 2.5307718 0.42 2.5727718 0.42 0 P 0
L 2.5307718 0.8920551 2.5727718 0.8920551 0 P 0
L 2.5307718 1.3870551 2.5727718 1.3870551 0 P 0
L 2.5307718 1.83 2.5727718 1.83 0 P 0
L 2.5517718 0.399 2.5517718 0.441 0 P 0
L 2.5517718 0.8710551 2.5517718 0.9130551 0 P 0
L 2.5517718 1.3660551 2.5517718 1.4080551 0 P 0
L 2.5517718 1.809 2.5517718 1.851 0 P 0
L 2.596 1.695 2.604 1.695 0 P 0
L 2.6 1.691 2.6 1.699 0 P 0
L 2.631 0.5961417 2.639 0.5961417 0 P 0
L 2.635 0.5921417 2.635 0.6001417 0 P 0
L 2.636 0.13 2.644 0.13 0 P 0
L 2.64 0.126 2.64 0.134 0 P 0
L 2.646 1.055 2.654 1.055 0 P 0
L 2.6482434 1.6088582 2.6562434 1.6088582 0 P 0
L 2.65 1.051 2.65 1.059 0 P 0
L 2.651 1.5211417 2.659 1.5211417 0 P 0
L 2.6522434 1.6048582 2.6522434 1.6128582 0 P 0
L 2.655 1.5171417 2.655 1.5251417 0 P 0
L 2.681 1.1438583 2.689 1.1438583 0 P 0
L 2.685 1.1398583 2.685 1.1478583 0 P 0
L 2.751 1.885 2.759 1.885 0 P 0
L 2.755 1.881 2.755 1.889 0 P 0
L 2.8357718 0.42 2.8777718 0.42 0 P 0
L 2.8357718 0.885 2.8777718 0.885 0 P 0
L 2.8357718 1.3820551 2.8777718 1.3820551 0 P 0
L 2.8357718 1.825 2.8777718 1.825 0 P 0
L 2.851 0.625 2.859 0.625 0 P 0
L 2.851 1.63 2.859 1.63 0 P 0
L 2.855 0.621 2.855 0.629 0 P 0
L 2.855 1.626 2.855 1.634 0 P 0
L 2.856 1.11 2.864 1.11 0 P 0
L 2.856 1.57 2.864 1.57 0 P 0
L 2.8567718 0.399 2.8567718 0.441 0 P 0
L 2.8567718 0.864 2.8567718 0.906 0 P 0
L 2.8567718 1.3610551 2.8567718 1.4030551 0 P 0
L 2.8567718 1.804 2.8567718 1.846 0 P 0
L 2.86 1.106 2.86 1.114 0 P 0
L 2.86 1.566 2.86 1.574 0 P 0
L 2.861 0.17 2.869 0.17 0 P 0
L 2.865 0.166 2.865 0.174 0 P 0
L 2.9357718 0.42 2.9777718 0.42 0 P 0
L 2.9357718 0.885 2.9777718 0.885 0 P 0
L 2.9357718 1.3820551 2.9777718 1.3820551 0 P 0
L 2.9357718 1.825 2.9777718 1.825 0 P 0
L 2.9567718 0.399 2.9567718 0.441 0 P 0
L 2.9567718 0.864 2.9567718 0.906 0 P 0
L 2.9567718 1.3610551 2.9567718 1.4030551 0 P 0
L 2.9567718 1.804 2.9567718 1.846 0 P 0
L 3.006 0.12 3.014 0.12 0 P 0
L 3.01 0.116 3.01 0.124 0 P 0
L 3.016 1.72 3.024 1.72 0 P 0
L 3.02 1.716 3.02 1.724 0 P 0
L 3.021 0.59 3.029 0.59 0 P 0
L 3.025 0.586 3.025 0.594 0 P 0
L 3.031 1.0611417 3.039 1.0611417 0 P 0
L 3.035 1.0571417 3.035 1.0651417 0 P 0
L 3.041 1.525 3.049 1.525 0 P 0
L 3.045 1.521 3.045 1.529 0 P 0
L 3.0687566 1.6088583 3.0767566 1.6088583 0 P 0
L 3.071 1.14 3.079 1.14 0 P 0
L 3.0727566 1.6048583 3.0727566 1.6128583 0 P 0
L 3.075 1.136 3.075 1.144 0 P 0
L 3.156 1.88 3.164 1.88 0 P 0
L 3.16 1.876 3.16 1.884 0 P 0
L 3.2357718 0.42 3.2777718 0.42 0 P 0
L 3.2357718 0.88 3.2777718 0.88 0 P 0
L 3.2357718 1.3820551 3.2777718 1.3820551 0 P 0
L 3.2357718 1.825 3.2777718 1.825 0 P 0
L 3.251 0.165 3.259 0.165 0 P 0
L 3.251 0.625 3.259 0.625 0 P 0
L 3.251 1.64 3.259 1.64 0 P 0
L 3.255 0.161 3.255 0.169 0 P 0
L 3.255 0.621 3.255 0.629 0 P 0
L 3.255 1.636 3.255 1.644 0 P 0
L 3.256 1.1 3.264 1.1 0 P 0
L 3.256 1.565 3.264 1.565 0 P 0
L 3.2567718 0.399 3.2567718 0.441 0 P 0
L 3.2567718 0.859 3.2567718 0.901 0 P 0
L 3.2567718 1.3610551 3.2567718 1.4030551 0 P 0
L 3.2567718 1.804 3.2567718 1.846 0 P 0
L 3.26 1.096 3.26 1.104 0 P 0
L 3.26 1.561 3.26 1.569 0 P 0
L 3.3357718 0.42 3.3777718 0.42 0 P 0
L 3.3357718 0.88 3.3777718 0.88 0 P 0
L 3.3357718 1.3820551 3.3777718 1.3820551 0 P 0
L 3.3357718 1.825 3.3777718 1.825 0 P 0
L 3.3567718 0.399 3.3567718 0.441 0 P 0
L 3.3567718 0.859 3.3567718 0.901 0 P 0
L 3.3567718 1.3610551 3.3567718 1.4030551 0 P 0
L 3.3567718 1.804 3.3567718 1.846 0 P 0
L 3.426 1.72 3.434 1.72 0 P 0
L 3.43 1.716 3.43 1.724 0 P 0
L 3.431 0.13 3.439 0.13 0 P 0
L 3.431 1.53 3.439 1.53 0 P 0
L 3.435 0.126 3.435 0.134 0 P 0
L 3.435 1.526 3.435 1.534 0 P 0
L 3.436 0.58 3.444 0.58 0 P 0
L 3.44 0.576 3.44 0.584 0 P 0
L 3.466 1.075 3.474 1.075 0 P 0
L 3.47 1.071 3.47 1.079 0 P 0
L 3.481 1.885 3.489 1.885 0 P 0
L 3.485 1.881 3.485 1.889 0 P 0
L 3.526 0.56 3.534 0.56 0 P 0
L 3.53 0.556 3.53 0.564 0 P 0
L 3.586 0.535 3.594 0.535 0 P 0
L 3.59 0.531 3.59 0.539 0 P 0
L 3.606 1.1972835 3.614 1.1972835 0 P 0
L 3.606 1.22 3.614 1.22 0 P 0
L 3.606 1.245 3.614 1.245 0 P 0
L 3.61 1.1932835 3.61 1.2012835 0 P 0
L 3.61 1.216 3.61 1.224 0 P 0
L 3.61 1.241 3.61 1.249 0 P 0
L 3.611 1.3 3.619 1.3 0 P 0
L 3.611 1.325 3.619 1.325 0 P 0
L 3.611 1.35 3.619 1.35 0 P 0
L 3.611 1.375 3.619 1.375 0 P 0
L 3.611 1.4 3.619 1.4 0 P 0
L 3.611 1.425 3.619 1.425 0 P 0
L 3.611 1.45 3.619 1.45 0 P 0
L 3.611 1.48 3.619 1.48 0 P 0
L 3.615 1.296 3.615 1.304 0 P 0
L 3.615 1.321 3.615 1.329 0 P 0
L 3.615 1.346 3.615 1.354 0 P 0
L 3.615 1.371 3.615 1.379 0 P 0
L 3.615 1.396 3.615 1.404 0 P 0
L 3.615 1.421 3.615 1.429 0 P 0
L 3.615 1.446 3.615 1.454 0 P 0
L 3.615 1.476 3.615 1.484 0 P 0
L 3.626 1.135 3.634 1.135 0 P 0
L 3.63 1.131 3.63 1.139 0 P 0
L 3.636 0.52 3.644 0.52 0 P 0
L 3.64 0.516 3.64 0.524 0 P 0
L 3.656 0.85 3.664 0.85 0 P 0
L 3.656 1.05 3.664 1.05 0 P 0
L 3.66 0.846 3.66 0.854 0 P 0
L 3.66 1.046 3.66 1.054 0 P 0
L 3.661 0.03 3.669 0.03 0 P 0
L 3.665 0.026 3.665 0.034 0 P 0
L 3.686 0.075 3.694 0.075 0 P 0
L 3.69 0.071 3.69 0.079 0 P 0
L 3.691 0.5 3.699 0.5 0 P 0
L 3.695 0.496 3.695 0.504 0 P 0
L 3.701 0.12 3.709 0.12 0 P 0
L 3.701 1.885 3.709 1.885 0 P 0
L 3.705 0.116 3.705 0.124 0 P 0
L 3.705 1.881 3.705 1.889 0 P 0
L 3.716 0.85 3.724 0.85 0 P 0
L 3.716 1.055 3.724 1.055 0 P 0
L 3.7163129 0.9677162 3.7243129 0.9677162 0 P 0
L 3.72 0.846 3.72 0.854 0 P 0
L 3.72 1.051 3.72 1.059 0 P 0
L 3.7203129 0.9637162 3.7203129 0.9717162 0 P 0
L 3.7312782 0.17 3.7392782 0.17 0 P 0
L 3.7352782 0.166 3.7352782 0.174 0 P 0
L 3.771 1.055 3.779 1.055 0 P 0
L 3.775 1.051 3.775 1.059 0 P 0
L 3.776 0.845 3.784 0.845 0 P 0
L 3.7763129 0.9672242 3.7843129 0.9672242 0 P 0
L 3.78 0.841 3.78 0.849 0 P 0
L 3.7803129 0.9632242 3.7803129 0.9712242 0 P 0
L 3.836 0.845 3.844 0.845 0 P 0
L 3.836 1.055 3.844 1.055 0 P 0
L 3.84 0.841 3.84 0.849 0 P 0
L 3.84 1.051 3.84 1.059 0 P 0
L 3.8413129 0.9692322 3.8493129 0.9692322 0 P 0
L 3.8453129 0.9652322 3.8453129 0.9732322 0 P 0
L 3.8611024 0.165 3.9988976 0.165 0 P 0
L 3.8611024 1.775 3.9988976 1.775 0 P 0
L 3.896 0.845 3.904 0.845 0 P 0
L 3.9 0.841 3.9 0.849 0 P 0
L 3.901 1.05 3.909 1.05 0 P 0
L 3.9013129 0.9687402 3.9093129 0.9687402 0 P 0
L 3.905 1.046 3.905 1.054 0 P 0
L 3.9053129 0.9647402 3.9053129 0.9727402 0 P 0
L 3.93 0.0961024 3.93 0.2338976 0 P 0
L 3.93 1.7061024 3.93 1.8438976 0 P 0
L 3.956 0.845 3.964 0.845 0 P 0
L 3.9571417 1.43 3.9651417 1.43 0 P 0
L 3.9571417 1.4527165 3.9651417 1.4527165 0 P 0
L 3.96 0.841 3.96 0.849 0 P 0
L 3.9611417 1.426 3.9611417 1.434 0 P 0
L 3.9611417 1.4487165 3.9611417 1.4567165 0 P 0
L 3.9613129 0.9682482 3.9693129 0.9682482 0 P 0
L 3.9653129 0.9642482 3.9653129 0.9722482 0 P 0
L 3.976 1.145 3.984 1.145 0 P 0
L 3.976 1.17 3.984 1.17 0 P 0
L 3.976 1.1927165 3.984 1.1927165 0 P 0
L 3.976 1.22 3.984 1.22 0 P 0
L 3.976 1.245 3.984 1.245 0 P 0
L 3.976 1.27 3.984 1.27 0 P 0
L 3.976 1.3 3.984 1.3 0 P 0
L 3.976 1.325 3.984 1.325 0 P 0
L 3.976 1.38 3.984 1.38 0 P 0
L 3.98 1.141 3.98 1.149 0 P 0
L 3.98 1.166 3.98 1.174 0 P 0
L 3.98 1.1887165 3.98 1.1967165 0 P 0
L 3.98 1.216 3.98 1.224 0 P 0
L 3.98 1.241 3.98 1.249 0 P 0
L 3.98 1.266 3.98 1.274 0 P 0
L 3.98 1.296 3.98 1.304 0 P 0
L 3.98 1.321 3.98 1.329 0 P 0
L 3.98 1.376 3.98 1.384 0 P 0
L 3.981 1.515 3.989 1.515 0 P 0
L 3.985 1.511 3.985 1.519 0 P 0
L 4.001 1.045 4.009 1.045 0 P 0
L 4.005 1.041 4.005 1.049 0 P 0
L 4.016 0.67 4.024 0.67 0 P 0
L 4.02 0.666 4.02 0.674 0 P 0
L 4.031 1.405 4.039 1.405 0 P 0
L 4.035 1.401 4.035 1.409 0 P 0
L 4.046 0.495 4.054 0.495 0 P 0
L 4.05 0.491 4.05 0.499 0 P 0
L 4.056 1.585 4.064 1.585 0 P 0
L 4.06 1.581 4.06 1.589 0 P 0
