#Layer_Color=32768
#
#Feature symbol names
#
$0 r3.937
$1 r1.9685

#
#Feature attribute names
#

#
#Layer features
#
L 0.043035 0.919176 0.043035 0.9664201 1 P 0
L 0.043035 0.919176 0.1257121 0.919176 1 P 0
L 0.043035 0.9664201 0.1257121 0.9664201 1 P 0
L 0.0447245 0.7933465 0.0447245 0.8366536 1 P 0
L 0.0447245 0.7933465 0.1352756 0.7933465 1 P 0
L 0.0447245 0.8366536 0.1352756 0.8366536 1 P 0
L 0.0469721 0.9781132 0.0469721 1.0174833 1 P 0
L 0.0469721 0.9781132 0.1217752 0.9781132 1 P 0
L 0.0469721 1.0174833 0.1217752 1.0174833 1 P 0
L 0.0475985 0.8503151 0.0475985 0.8896852 1 P 0
L 0.0475985 0.8503151 0.1224016 0.8503151 1 P 0
L 0.0475985 0.8896852 0.1224016 0.8896852 1 P 0
L 0.0712993 0.8150001 0.1087008 0.8150001 1 P 0
L 0.0725625 0.942798 0.0961846 0.942798 1 P 0
L 0.0735469 0.9977982 0.0952004 0.9977982 1 P 0
L 0.0741733 0.8700001 0.0958268 0.8700001 1 P 0
L 0.0843736 0.930987 0.0843736 0.954609 1 P 0
L 0.0843736 0.9869715 0.0843736 1.008625 1 P 0
L 0.085 0.8591734 0.085 0.8808269 1 P 0
L 0.0900001 0.7962993 0.0900001 0.8337009 1 P 0
L 0.094252 1.3485039 0.094252 1.411496 1 P 0
L 0.094252 1.3485039 0.1257481 1.3485039 1 P 0
L 0.094252 1.411496 0.1257481 1.411496 1 P 0
L 0.0991733 1.38 0.1208268 1.38 1 P 0
L 0.11 1.3691732 0.11 1.3908267 1 P 0
L 0.1217752 0.9781132 0.1217752 1.0174833 1 P 0
L 0.1224016 0.8503151 0.1224016 0.8896852 1 P 0
L 0.1257121 0.919176 0.1257121 0.9664201 1 P 0
L 0.1257481 1.3485039 0.1257481 1.411496 1 P 0
L 0.1352756 0.7933465 0.1352756 0.8366536 1 P 0
L 0.1662205 1.3292519 0.1662205 1.360748 1 P 0
L 0.1662205 1.3292519 0.2292126 1.3292519 1 P 0
L 0.1662205 1.360748 0.2292126 1.360748 1 P 0
L 0.168504 1.289252 0.168504 1.3207481 1 P 0
L 0.168504 1.289252 0.2314961 1.289252 1 P 0
L 0.168504 1.3207481 0.2314961 1.3207481 1 P 0
L 0.174252 1.453504 0.174252 1.5164961 1 P 0
L 0.174252 1.453504 0.2057481 1.453504 1 P 0
L 0.174252 1.5164961 0.2057481 1.5164961 1 P 0
L 0.178189 1.485 0.201811 1.485 1 P 0
L 0.1868898 1.345 0.2085433 1.345 1 P 0
L 0.1891733 1.305 0.2108268 1.305 1 P 0
L 0.19 1.473189 0.19 1.4968111 1 P 0
L 0.1977166 1.3341732 0.1977166 1.3558267 1 P 0
L 0.2 1.2941733 0.2 1.3158268 1 P 0
L 0.2057481 1.453504 0.2057481 1.5164961 1 P 0
L 0.2135039 1.104252 0.2135039 1.1357481 1 P 0
L 0.2135039 1.104252 0.276496 1.104252 1 P 0
L 0.2135039 1.1357481 0.276496 1.1357481 1 P 0
L 0.2285039 1.414882 0.2285039 1.5251182 1 P 0
L 0.2285039 1.414882 0.2914961 1.414882 1 P 0
L 0.2285039 1.5251182 0.2914961 1.5251182 1 P 0
L 0.2292126 1.3292519 0.2292126 1.360748 1 P 0
L 0.2314961 1.289252 0.2314961 1.3207481 1 P 0
L 0.2331889 1.12 0.256811 1.12 1 P 0
L 0.240315 1.4700001 0.279685 1.4700001 0 P 0
L 0.245 1.108189 0.245 1.131811 1 P 0
L 0.248504 0.7842519 0.248504 0.815748 1 P 0
L 0.248504 0.7842519 0.3114961 0.7842519 1 P 0
L 0.248504 0.815748 0.3114961 0.815748 1 P 0
L 0.26 1.450315 0.26 1.4896851 0 P 0
L 0.2635039 1.2892519 0.2635039 1.320748 1 P 0
L 0.2635039 1.2892519 0.326496 1.2892519 1 P 0
L 0.2635039 1.320748 0.326496 1.320748 1 P 0
L 0.264252 1.329252 0.264252 1.3607481 1 P 0
L 0.264252 1.329252 0.3272441 1.329252 1 P 0
L 0.264252 1.3607481 0.3272441 1.3607481 1 P 0
L 0.268189 0.8 0.2918111 0.8 1 P 0
L 0.276496 1.104252 0.276496 1.1357481 1 P 0
L 0.28 0.788189 0.28 0.811811 1 P 0
L 0.283937 1.345 0.3075591 1.345 1 P 0
L 0.2841732 1.305 0.3058267 1.305 1 P 0
L 0.2914961 1.414882 0.2914961 1.5251182 1 P 0
L 0.295 1.2941732 0.295 1.3158267 1 P 0
L 0.2957481 1.333189 0.2957481 1.356811 1 P 0
L 0.3114961 0.7842519 0.3114961 0.815748 1 P 0
L 0.3135039 1.416378 0.3135039 1.5266142 1 P 0
L 0.3135039 1.416378 0.3764961 1.416378 1 P 0
L 0.3135039 1.5266142 0.3764961 1.5266142 1 P 0
L 0.325315 1.4714961 0.364685 1.4714961 0 P 0
L 0.326496 1.2892519 0.326496 1.320748 1 P 0
L 0.3272441 1.329252 0.3272441 1.3607481 1 P 0
L 0.3392519 1.1735039 0.3392519 1.236496 1 P 0
L 0.3392519 1.1735039 0.370748 1.1735039 1 P 0
L 0.3392519 1.236496 0.370748 1.236496 1 P 0
L 0.343189 1.205 0.366811 1.205 1 P 0
L 0.345 1.451811 0.345 1.4911811 0 P 0
L 0.355 1.1931889 0.355 1.216811 1 P 0
L 0.370748 1.1735039 0.370748 1.236496 1 P 0
L 0.3764961 1.416378 0.3764961 1.5266142 1 P 0
L 0.3918897 1.1812205 0.3918897 1.4587795 1 P 0
L 0.3918897 1.1812205 0.6281102 1.1812205 1 P 0
L 0.3918897 1.4587795 0.6281102 1.4587795 1 P 0
L 0.489882 0.9485039 0.489882 1.0114961 1 P 0
L 0.489882 0.9485039 0.6001182 0.9485039 1 P 0
L 0.489882 1.0114961 0.6001182 1.0114961 1 P 0
L 0.489882 1.0185039 0.489882 1.0814961 1 P 0
L 0.489882 1.0185039 0.6001182 1.0185039 1 P 0
L 0.489882 1.0814961 0.6001182 1.0814961 1 P 0
L 0.4903149 1.32 0.529685 1.32 0 P 0
L 0.51 1.300315 0.51 1.3396851 0 P 0
L 0.525315 0.98 0.5646851 0.98 0 P 0
L 0.525315 1.05 0.5646851 1.05 0 P 0
L 0.5450001 0.960315 0.5450001 0.999685 0 P 0
L 0.5450001 1.030315 0.5450001 1.069685 0 P 0
L 0.5883464 0.7522835 0.5883464 0.8428346 1 P 0
L 0.5883464 0.7522835 0.6316535 0.7522835 1 P 0
L 0.5883464 0.8428346 0.6316535 0.8428346 1 P 0
L 0.5912992 0.797559 0.6287008 0.797559 1 P 0
L 0.6001182 0.9485039 0.6001182 1.0114961 1 P 0
L 0.6001182 1.0185039 0.6001182 1.0814961 1 P 0
L 0.61 0.7788583 0.61 0.8162598 1 P 0
L 0.6281102 1.1812205 0.6281102 1.4587795 1 P 0
L 0.6316535 0.7522835 0.6316535 0.8428346 1 P 0
L 0.6583465 0.8147244 0.6583465 0.9052755 1 P 0
L 0.6583465 0.8147244 0.7016536 0.8147244 1 P 0
L 0.6583465 0.9052755 0.7016536 0.9052755 1 P 0
L 0.6612993 0.8599999 0.6987009 0.8599999 1 P 0
L 0.6800001 0.8412992 0.6800001 0.8787007 1 P 0
L 0.7016536 0.8147244 0.7016536 0.9052755 1 P 0
L 1.4975984 1.2853148 1.4975984 1.3246849 1 P 0
L 1.4975984 1.2853148 1.5724015 1.2853148 1 P 0
L 1.4975984 1.3246849 1.5724015 1.3246849 1 P 0
L 1.4975984 1.3803148 1.4975984 1.4196849 1 P 0
L 1.4975984 1.3803148 1.5724015 1.3803148 1 P 0
L 1.4975984 1.4196849 1.5724015 1.4196849 1 P 0
L 1.5241732 1.3049999 1.5458267 1.3049999 1 P 0
L 1.5241732 1.3999999 1.5458267 1.3999999 1 P 0
L 1.535 1.2941731 1.535 1.3158266 1 P 0
L 1.535 1.3891731 1.535 1.4108266 1 P 0
L 1.5724015 1.2853148 1.5724015 1.3246849 1 P 0
L 1.5724015 1.3803148 1.5724015 1.4196849 1 P 0
L 1.7783465 0.7297244 1.7783465 0.8202755 1 P 0
L 1.7783465 0.7297244 1.8216536 0.7297244 1 P 0
L 1.7783465 0.8202755 1.8216536 0.8202755 1 P 0
L 1.7812993 0.7749999 1.8187009 0.7749999 1 P 0
L 1.8000001 0.7562992 1.8000001 0.7937007 1 P 0
L 1.8216536 0.7297244 1.8216536 0.8202755 1 P 0
L 1.9657874 0.1042519 1.9657874 0.135748 1 P 0
L 1.9657874 0.1042519 2.0287795 0.1042519 1 P 0
L 1.9657874 0.135748 2.0287795 0.135748 1 P 0
L 1.9735039 1.0092519 1.9735039 1.040748 1 P 0
L 1.9735039 1.0092519 2.036496 1.0092519 1 P 0
L 1.9735039 1.040748 2.036496 1.040748 1 P 0
L 1.9735039 1.4892519 1.9735039 1.520748 1 P 0
L 1.9735039 1.4892519 2.036496 1.4892519 1 P 0
L 1.9735039 1.520748 2.036496 1.520748 1 P 0
L 1.9785039 0.5692519 1.9785039 0.600748 1 P 0
L 1.9785039 0.5692519 2.041496 0.5692519 1 P 0
L 1.9785039 0.600748 2.041496 0.600748 1 P 0
L 1.9835039 1.2742519 1.9835039 1.305748 1 P 0
L 1.9835039 1.2742519 2.046496 1.2742519 1 P 0
L 1.9835039 1.305748 2.046496 1.305748 1 P 0
L 1.9864567 0.12 2.0081102 0.12 1 P 0
L 1.9935039 0.3092519 1.9935039 0.340748 1 P 0
L 1.9935039 0.3092519 2.056496 0.3092519 1 P 0
L 1.9935039 0.340748 2.056496 0.340748 1 P 0
L 1.9941732 1.025 2.0158267 1.025 1 P 0
L 1.9941732 1.505 2.0158267 1.505 1 P 0
L 1.9972835 0.1091732 1.9972835 0.1308267 1 P 0
L 1.9985039 0.7792519 1.9985039 0.810748 1 P 0
L 1.9985039 0.7792519 2.061496 0.7792519 1 P 0
L 1.9985039 0.810748 2.061496 0.810748 1 P 0
L 1.9985039 1.7092519 1.9985039 1.740748 1 P 0
L 1.9985039 1.7092519 2.061496 1.7092519 1 P 0
L 1.9985039 1.740748 2.061496 1.740748 1 P 0
L 1.9991732 0.585 2.0208267 0.585 1 P 0
L 2.0041732 1.29 2.0258267 1.29 1 P 0
L 2.005 1.0141732 2.005 1.0358267 1 P 0
L 2.005 1.4941732 2.005 1.5158267 1 P 0
L 2.01 0.5741732 2.01 0.5958267 1 P 0
L 2.0141732 0.325 2.0358267 0.325 1 P 0
L 2.015 1.2791732 2.015 1.3008267 1 P 0
L 2.0191732 0.795 2.0408267 0.795 1 P 0
L 2.0191732 1.725 2.0408267 1.725 1 P 0
L 2.025 0.3141732 2.025 0.3358267 1 P 0
L 2.0287795 0.1042519 2.0287795 0.135748 1 P 0
L 2.03 0.7841732 2.03 0.8058267 1 P 0
L 2.03 1.7141732 2.03 1.7358267 1 P 0
L 2.036496 1.0092519 2.036496 1.040748 1 P 0
L 2.036496 1.4892519 2.036496 1.520748 1 P 0
L 2.041496 0.5692519 2.041496 0.600748 1 P 0
L 2.046496 1.2742519 2.046496 1.305748 1 P 0
L 2.056496 0.3092519 2.056496 0.340748 1 P 0
L 2.061496 0.7792519 2.061496 0.810748 1 P 0
L 2.061496 1.7092519 2.061496 1.740748 1 P 0
L 2.078504 1.009252 2.078504 1.0407481 1 P 0
L 2.078504 1.009252 2.1414961 1.009252 1 P 0
L 2.078504 1.0407481 2.1414961 1.0407481 1 P 0
L 2.0820079 0.1420078 2.0820079 0.2679921 0 P 0
L 2.0820079 0.1420078 2.2079922 0.1420078 0 P 0
L 2.0820079 0.2679921 2.2079922 0.2679921 0 P 0
L 2.0820079 0.6170078 2.0820079 0.7429921 0 P 0
L 2.0820079 0.6170078 2.2079922 0.6170078 0 P 0
L 2.0820079 0.7429921 2.2079922 0.7429921 0 P 0
L 2.0820079 1.0665748 2.0820079 1.1925591 0 P 0
L 2.0820079 1.0665748 2.2079922 1.0665748 0 P 0
L 2.0820079 1.1925591 2.2079922 1.1925591 0 P 0
L 2.0820079 1.5470078 2.0820079 1.6729921 0 P 0
L 2.0820079 1.5470078 2.2079922 1.5470078 0 P 0
L 2.0820079 1.6729921 2.2079922 1.6729921 0 P 0
L 2.0967718 0.2965354 2.0967718 0.3634646 1 P 0
L 2.0967718 0.2965354 2.2286615 0.2965354 1 P 0
L 2.0967718 0.3634646 2.2286615 0.3634646 1 P 0
L 2.0967718 0.7615354 2.0967718 0.8284646 1 P 0
L 2.0967718 0.7615354 2.2286615 0.7615354 1 P 0
L 2.0967718 0.8284646 2.2286615 0.8284646 1 P 0
L 2.0967718 1.2515354 2.0967718 1.3184646 1 P 0
L 2.0967718 1.2515354 2.2286615 1.2515354 1 P 0
L 2.0967718 1.3184646 2.2286615 1.3184646 1 P 0
L 2.0967718 1.6965354 2.0967718 1.7634646 1 P 0
L 2.0967718 1.6965354 2.2286615 1.6965354 1 P 0
L 2.0967718 1.7634646 2.2286615 1.7634646 1 P 0
L 2.0991733 1.025 2.1208268 1.025 1 P 0
L 2.11 1.0141733 2.11 1.0358268 1 P 0
L 2.125315 0.2049999 2.1646851 0.2049999 0 P 0
L 2.125315 0.6799999 2.1646851 0.6799999 0 P 0
L 2.125315 1.1295669 2.1646851 1.1295669 0 P 0
L 2.125315 1.6099999 2.1646851 1.6099999 0 P 0
L 2.1414961 1.009252 2.1414961 1.0407481 1 P 0
L 2.1430316 0.33 2.1824017 0.33 0 P 0
L 2.1430316 0.795 2.1824017 0.795 0 P 0
L 2.1430316 1.285 2.1824017 1.285 0 P 0
L 2.1430316 1.73 2.1824017 1.73 0 P 0
L 2.145 0.1853149 2.145 0.224685 0 P 0
L 2.145 0.6603149 2.145 0.699685 0 P 0
L 2.145 1.1098819 2.145 1.149252 0 P 0
L 2.145 1.5903149 2.145 1.629685 0 P 0
L 2.1627166 0.310315 2.1627166 0.349685 0 P 0
L 2.1627166 0.775315 2.1627166 0.814685 0 P 0
L 2.1627166 1.265315 2.1627166 1.304685 0 P 0
L 2.1627166 1.710315 2.1627166 1.749685 0 P 0
L 2.1646852 0.094252 2.1646852 0.1257481 1 P 0
L 2.1646852 0.094252 2.2276773 0.094252 1 P 0
L 2.1646852 0.1257481 2.2276773 0.1257481 1 P 0
L 2.1646852 0.569252 2.1646852 0.6007481 1 P 0
L 2.1646852 0.569252 2.2276773 0.569252 1 P 0
L 2.1646852 0.6007481 2.2276773 0.6007481 1 P 0
L 2.1646852 1.494252 2.1646852 1.5257481 1 P 0
L 2.1646852 1.494252 2.2276773 1.494252 1 P 0
L 2.1646852 1.5257481 2.2276773 1.5257481 1 P 0
L 2.1853545 0.11 2.207008 0.11 1 P 0
L 2.1853545 0.585 2.207008 0.585 1 P 0
L 2.1853545 1.51 2.207008 1.51 1 P 0
L 2.1961812 0.0991733 2.1961812 0.1208268 1 P 0
L 2.1961812 0.5741733 2.1961812 0.5958268 1 P 0
L 2.1961812 1.4991733 2.1961812 1.5208268 1 P 0
L 2.2079922 0.1420078 2.2079922 0.2679921 0 P 0
L 2.2079922 0.6170078 2.2079922 0.7429921 0 P 0
L 2.2079922 1.0665748 2.2079922 1.1925591 0 P 0
L 2.2079922 1.5470078 2.2079922 1.6729921 0 P 0
L 2.2142519 1.073504 2.2142519 1.1364961 1 P 0
L 2.2142519 1.073504 2.245748 1.073504 1 P 0
L 2.2142519 1.1364961 2.245748 1.1364961 1 P 0
L 2.2191732 1.105 2.2408267 1.105 1 P 0
L 2.2192519 0.143504 2.2192519 0.2064961 1 P 0
L 2.2192519 0.143504 2.250748 0.143504 1 P 0
L 2.2192519 0.2064961 2.250748 0.2064961 1 P 0
L 2.2192519 0.618504 2.2192519 0.6814961 1 P 0
L 2.2192519 0.618504 2.250748 0.618504 1 P 0
L 2.2192519 0.6814961 2.250748 0.6814961 1 P 0
L 2.2241732 0.175 2.2458267 0.175 1 P 0
L 2.2241732 0.65 2.2458267 0.65 1 P 0
L 2.2276773 0.094252 2.2276773 0.1257481 1 P 0
L 2.2276773 0.569252 2.2276773 0.6007481 1 P 0
L 2.2276773 1.494252 2.2276773 1.5257481 1 P 0
L 2.2286615 0.2965354 2.2286615 0.3634646 1 P 0
L 2.2286615 0.7615354 2.2286615 0.8284646 1 P 0
L 2.2286615 1.2515354 2.2286615 1.3184646 1 P 0
L 2.2286615 1.6965354 2.2286615 1.7634646 1 P 0
L 2.2292519 1.5557874 2.2292519 1.6187795 1 P 0
L 2.2292519 1.5557874 2.260748 1.5557874 1 P 0
L 2.2292519 1.6187795 2.260748 1.6187795 1 P 0
L 2.23 1.0941733 2.23 1.1158268 1 P 0
L 2.2341732 1.5872834 2.2558267 1.5872834 1 P 0
L 2.235 0.1641733 2.235 0.1858268 1 P 0
L 2.235 0.6391733 2.235 0.6608268 1 P 0
L 2.245 1.5764567 2.245 1.5981102 1 P 0
L 2.245748 1.073504 2.245748 1.1364961 1 P 0
L 2.250748 0.143504 2.250748 0.2064961 1 P 0
L 2.250748 0.618504 2.250748 0.6814961 1 P 0
L 2.260748 1.5557874 2.260748 1.6187795 1 P 0
L 2.3460158 1.2642519 2.3460158 1.295748 1 P 0
L 2.3460158 1.2642519 2.4090079 1.2642519 1 P 0
L 2.3460158 1.295748 2.4090079 1.295748 1 P 0
L 2.3485039 0.0842519 2.3485039 0.115748 1 P 0
L 2.3485039 0.0842519 2.411496 0.0842519 1 P 0
L 2.3485039 0.115748 2.411496 0.115748 1 P 0
L 2.3485039 1.4892519 2.3485039 1.520748 1 P 0
L 2.3485039 1.4892519 2.411496 1.4892519 1 P 0
L 2.3485039 1.520748 2.411496 1.520748 1 P 0
L 2.3512205 1.0242519 2.3512205 1.055748 1 P 0
L 2.3512205 1.0242519 2.4142126 1.0242519 1 P 0
L 2.3512205 1.055748 2.4142126 1.055748 1 P 0
L 2.3585039 0.5592519 2.3585039 0.590748 1 P 0
L 2.3585039 0.5592519 2.421496 0.5592519 1 P 0
L 2.3585039 0.590748 2.421496 0.590748 1 P 0
L 2.3666851 1.28 2.3883386 1.28 1 P 0
L 2.3691732 0.1 2.3908267 0.1 1 P 0
L 2.3691732 1.505 2.3908267 1.505 1 P 0
L 2.3707874 0.7792519 2.3707874 0.810748 1 P 0
L 2.3707874 0.7792519 2.4337795 0.7792519 1 P 0
L 2.3707874 0.810748 2.4337795 0.810748 1 P 0
L 2.3718898 1.04 2.3935433 1.04 1 P 0
L 2.3775119 1.2691732 2.3775119 1.2908267 1 P 0
L 2.3791732 0.575 2.4008267 0.575 1 P 0
L 2.38 0.0891732 2.38 0.1108267 1 P 0
L 2.38 1.4941732 2.38 1.5158267 1 P 0
L 2.3827166 1.0291732 2.3827166 1.0508267 1 P 0
L 2.3885039 0.3092519 2.3885039 0.340748 1 P 0
L 2.3885039 0.3092519 2.451496 0.3092519 1 P 0
L 2.3885039 0.340748 2.451496 0.340748 1 P 0
L 2.39 0.5641732 2.39 0.5858267 1 P 0
L 2.3914567 0.795 2.4131102 0.795 1 P 0
L 2.4022835 0.7841732 2.4022835 0.8058267 1 P 0
L 2.4060158 1.7092519 2.4060158 1.740748 1 P 0
L 2.4060158 1.7092519 2.4690079 1.7092519 1 P 0
L 2.4060158 1.740748 2.4690079 1.740748 1 P 0
L 2.4090079 1.2642519 2.4090079 1.295748 1 P 0
L 2.4091732 0.325 2.4308267 0.325 1 P 0
L 2.411496 0.0842519 2.411496 0.115748 1 P 0
L 2.411496 1.4892519 2.411496 1.520748 1 P 0
L 2.4142126 1.0242519 2.4142126 1.055748 1 P 0
L 2.42 0.3141732 2.42 0.3358267 1 P 0
L 2.421496 0.5592519 2.421496 0.590748 1 P 0
L 2.4266851 1.725 2.4483386 1.725 1 P 0
L 2.4337795 0.7792519 2.4337795 0.810748 1 P 0
L 2.4375119 1.7141732 2.4375119 1.7358267 1 P 0
L 2.451496 0.3092519 2.451496 0.340748 1 P 0
L 2.4620079 0.1415748 2.4620079 0.2675591 0 P 0
L 2.4620079 0.1415748 2.5879922 0.1415748 0 P 0
L 2.4620079 0.2675591 2.5879922 0.2675591 0 P 0
L 2.4620079 0.6170078 2.4620079 0.7429921 0 P 0
L 2.4620079 0.6170078 2.5879922 0.6170078 0 P 0
L 2.4620079 0.7429921 2.5879922 0.7429921 0 P 0
L 2.4620079 1.0770078 2.4620079 1.2029921 0 P 0
L 2.4620079 1.0770078 2.5879922 1.0770078 0 P 0
L 2.4620079 1.2029921 2.5879922 1.2029921 0 P 0
L 2.4620079 1.5370078 2.4620079 1.6629921 0 P 0
L 2.4620079 1.5370078 2.5879922 1.5370078 0 P 0
L 2.4620079 1.6629921 2.5879922 1.6629921 0 P 0
L 2.4690079 1.7092519 2.4690079 1.740748 1 P 0
L 2.4767718 0.2915354 2.4767718 0.3584646 1 P 0
L 2.4767718 0.2915354 2.6086615 0.2915354 1 P 0
L 2.4767718 0.3584646 2.6086615 0.3584646 1 P 0
L 2.4767718 0.7615354 2.4767718 0.8284646 1 P 0
L 2.4767718 0.7615354 2.6086615 0.7615354 1 P 0
L 2.4767718 0.8284646 2.6086615 0.8284646 1 P 0
L 2.4767718 1.2465354 2.4767718 1.3134646 1 P 0
L 2.4767718 1.2465354 2.6086615 1.2465354 1 P 0
L 2.4767718 1.3134646 2.6086615 1.3134646 1 P 0
L 2.4767718 1.6915354 2.4767718 1.7584646 1 P 0
L 2.4767718 1.6915354 2.6086615 1.6915354 1 P 0
L 2.4767718 1.7584646 2.6086615 1.7584646 1 P 0
L 2.505315 0.2045669 2.5446851 0.2045669 0 P 0
L 2.505315 0.6799999 2.5446851 0.6799999 0 P 0
L 2.505315 1.1399999 2.5446851 1.1399999 0 P 0
L 2.505315 1.5999999 2.5446851 1.5999999 0 P 0
L 2.5230316 0.325 2.5624017 0.325 0 P 0
L 2.5230316 0.795 2.5624017 0.795 0 P 0
L 2.5230316 1.28 2.5624017 1.28 0 P 0
L 2.5230316 1.725 2.5624017 1.725 0 P 0
L 2.525 0.1848819 2.525 0.224252 0 P 0
L 2.525 0.6603149 2.525 0.699685 0 P 0
L 2.525 1.1203149 2.525 1.159685 0 P 0
L 2.525 1.5803149 2.525 1.619685 0 P 0
L 2.5427166 0.305315 2.5427166 0.344685 0 P 0
L 2.5427166 0.775315 2.5427166 0.814685 0 P 0
L 2.5427166 1.260315 2.5427166 1.299685 0 P 0
L 2.5427166 1.705315 2.5427166 1.744685 0 P 0
L 2.5446852 0.084252 2.5446852 0.1157481 1 P 0
L 2.5446852 0.084252 2.6076773 0.084252 1 P 0
L 2.5446852 0.1157481 2.6076773 0.1157481 1 P 0
L 2.5446852 0.554252 2.5446852 0.5857481 1 P 0
L 2.5446852 0.554252 2.6076773 0.554252 1 P 0
L 2.5446852 0.5857481 2.6076773 0.5857481 1 P 0
L 2.5446852 1.024252 2.5446852 1.0557481 1 P 0
L 2.5446852 1.024252 2.6076773 1.024252 1 P 0
L 2.5446852 1.0557481 2.6076773 1.0557481 1 P 0
L 2.5446852 1.494252 2.5446852 1.5257481 1 P 0
L 2.5446852 1.494252 2.6076773 1.494252 1 P 0
L 2.5446852 1.5257481 2.6076773 1.5257481 1 P 0
L 2.5653545 0.1 2.587008 0.1 1 P 0
L 2.5653545 0.57 2.587008 0.57 1 P 0
L 2.5653545 1.04 2.587008 1.04 1 P 0
L 2.5653545 1.51 2.587008 1.51 1 P 0
L 2.5761812 0.0891733 2.5761812 0.1108268 1 P 0
L 2.5761812 0.5591733 2.5761812 0.5808268 1 P 0
L 2.5761812 1.0291733 2.5761812 1.0508268 1 P 0
L 2.5761812 1.4991733 2.5761812 1.5208268 1 P 0
L 2.5879922 0.1415748 2.5879922 0.2675591 0 P 0
L 2.5879922 0.6170078 2.5879922 0.7429921 0 P 0
L 2.5879922 1.0770078 2.5879922 1.2029921 0 P 0
L 2.5879922 1.5370078 2.5879922 1.6629921 0 P 0
L 2.6042519 1.5462205 2.6042519 1.6092126 1 P 0
L 2.6042519 1.5462205 2.635748 1.5462205 1 P 0
L 2.6042519 1.6092126 2.635748 1.6092126 1 P 0
L 2.6076773 0.084252 2.6076773 0.1157481 1 P 0
L 2.6076773 0.554252 2.6076773 0.5857481 1 P 0
L 2.6076773 1.024252 2.6076773 1.0557481 1 P 0
L 2.6076773 1.494252 2.6076773 1.5257481 1 P 0
L 2.6086615 0.2915354 2.6086615 0.3584646 1 P 0
L 2.6086615 0.7615354 2.6086615 0.8284646 1 P 0
L 2.6086615 1.2465354 2.6086615 1.3134646 1 P 0
L 2.6086615 1.6915354 2.6086615 1.7584646 1 P 0
L 2.6091732 1.5777165 2.6308267 1.5777165 1 P 0
L 2.6092519 0.618504 2.6092519 0.6814961 1 P 0
L 2.6092519 0.618504 2.640748 0.618504 1 P 0
L 2.6092519 0.6814961 2.640748 0.6814961 1 P 0
L 2.6141732 0.65 2.6358267 0.65 1 P 0
L 2.6192519 0.143504 2.6192519 0.2064961 1 P 0
L 2.6192519 0.143504 2.650748 0.143504 1 P 0
L 2.6192519 0.2064961 2.650748 0.2064961 1 P 0
L 2.62 1.5668898 2.62 1.5885433 1 P 0
L 2.6241732 0.175 2.6458267 0.175 1 P 0
L 2.625 0.6391733 2.625 0.6608268 1 P 0
L 2.6292519 1.0757874 2.6292519 1.1387795 1 P 0
L 2.6292519 1.0757874 2.660748 1.0757874 1 P 0
L 2.6292519 1.1387795 2.660748 1.1387795 1 P 0
L 2.6341732 1.1072834 2.6558267 1.1072834 1 P 0
L 2.635 0.1641733 2.635 0.1858268 1 P 0
L 2.635748 1.5462205 2.635748 1.6092126 1 P 0
L 2.640748 0.618504 2.640748 0.6814961 1 P 0
L 2.645 1.0964567 2.645 1.1181102 1 P 0
L 2.650748 0.143504 2.650748 0.2064961 1 P 0
L 2.660748 1.0757874 2.660748 1.1387795 1 P 0
L 2.7585039 1.0292519 2.7585039 1.060748 1 P 0
L 2.7585039 1.0292519 2.821496 1.0292519 1 P 0
L 2.7585039 1.060748 2.821496 1.060748 1 P 0
L 2.7585039 1.4842519 2.7585039 1.515748 1 P 0
L 2.7585039 1.4842519 2.821496 1.4842519 1 P 0
L 2.7585039 1.515748 2.821496 1.515748 1 P 0
L 2.7591337 0.5521968 2.7591337 0.5836929 1 P 0
L 2.7591337 0.5521968 2.8221258 0.5521968 1 P 0
L 2.7591337 0.5836929 2.8221258 0.5836929 1 P 0
L 2.7635039 0.0792519 2.7635039 0.110748 1 P 0
L 2.7635039 0.0792519 2.826496 0.0792519 1 P 0
L 2.7635039 0.110748 2.826496 0.110748 1 P 0
L 2.7685039 1.2642519 2.7685039 1.295748 1 P 0
L 2.7685039 1.2642519 2.831496 1.2642519 1 P 0
L 2.7685039 1.295748 2.831496 1.295748 1 P 0
L 2.7785039 0.3042519 2.7785039 0.335748 1 P 0
L 2.7785039 0.3042519 2.841496 0.3042519 1 P 0
L 2.7785039 0.335748 2.841496 0.335748 1 P 0
L 2.7791337 0.7821968 2.7791337 0.8136929 1 P 0
L 2.7791337 0.7821968 2.8421258 0.7821968 1 P 0
L 2.7791337 0.8136929 2.8421258 0.8136929 1 P 0
L 2.7791732 1.045 2.8008267 1.045 1 P 0
L 2.7791732 1.5 2.8008267 1.5 1 P 0
L 2.779803 0.5679449 2.8014565 0.5679449 1 P 0
L 2.7841732 0.095 2.8058267 0.095 1 P 0
L 2.7891732 1.28 2.8108267 1.28 1 P 0
L 2.79 1.0341732 2.79 1.0558267 1 P 0
L 2.79 1.4891732 2.79 1.5108267 1 P 0
L 2.7906298 0.5571181 2.7906298 0.5787716 1 P 0
L 2.7935039 1.7042519 2.7935039 1.735748 1 P 0
L 2.7935039 1.7042519 2.856496 1.7042519 1 P 0
L 2.7935039 1.735748 2.856496 1.735748 1 P 0
L 2.795 0.0841732 2.795 0.1058267 1 P 0
L 2.7991732 0.32 2.8208267 0.32 1 P 0
L 2.799803 0.7979449 2.8214565 0.7979449 1 P 0
L 2.8 1.2691732 2.8 1.2908267 1 P 0
L 2.81 0.3091732 2.81 0.3308267 1 P 0
L 2.8106298 0.7871181 2.8106298 0.8087716 1 P 0
L 2.8141732 1.72 2.8358267 1.72 1 P 0
L 2.821496 1.0292519 2.821496 1.060748 1 P 0
L 2.821496 1.4842519 2.821496 1.515748 1 P 0
L 2.8221258 0.5521968 2.8221258 0.5836929 1 P 0
L 2.825 1.7091732 2.825 1.7308267 1 P 0
L 2.826496 0.0792519 2.826496 0.110748 1 P 0
L 2.831496 1.2642519 2.831496 1.295748 1 P 0
L 2.841496 0.3042519 2.841496 0.335748 1 P 0
L 2.8421258 0.7821968 2.8421258 0.8136929 1 P 0
L 2.856496 1.7042519 2.856496 1.735748 1 P 0
L 2.8620079 0.6024409 2.8620079 0.7284252 0 P 0
L 2.8620079 0.6024409 2.9879922 0.6024409 0 P 0
L 2.8620079 0.7284252 2.9879922 0.7284252 0 P 0
L 2.8670079 0.1320078 2.8670079 0.2579921 0 P 0
L 2.8670079 0.1320078 2.9929922 0.1320078 0 P 0
L 2.8670079 0.2579921 2.9929922 0.2579921 0 P 0
L 2.8670079 1.0820078 2.8670079 1.2079921 0 P 0
L 2.8670079 1.0820078 2.9929922 1.0820078 0 P 0
L 2.8670079 1.2079921 2.9929922 1.2079921 0 P 0
L 2.8670079 1.5320078 2.8670079 1.6579921 0 P 0
L 2.8670079 1.5320078 2.9929922 1.5320078 0 P 0
L 2.8670079 1.6579921 2.9929922 1.6579921 0 P 0
L 2.868504 0.554252 2.868504 0.5857481 1 P 0
L 2.868504 0.554252 2.9314961 0.554252 1 P 0
L 2.868504 0.5857481 2.9314961 0.5857481 1 P 0
L 2.873504 1.029252 2.873504 1.0607481 1 P 0
L 2.873504 1.029252 2.9364961 1.029252 1 P 0
L 2.873504 1.0607481 2.9364961 1.0607481 1 P 0
L 2.8817718 0.2915354 2.8817718 0.3584646 1 P 0
L 2.8817718 0.2915354 3.0136615 0.2915354 1 P 0
L 2.8817718 0.3584646 3.0136615 0.3584646 1 P 0
L 2.8817718 0.7642785 2.8817718 0.8312077 1 P 0
L 2.8817718 0.7642785 3.0136615 0.7642785 1 P 0
L 2.8817718 0.8312077 3.0136615 0.8312077 1 P 0
L 2.8817718 1.2465354 2.8817718 1.3134646 1 P 0
L 2.8817718 1.2465354 3.0136615 1.2465354 1 P 0
L 2.8817718 1.3134646 3.0136615 1.3134646 1 P 0
L 2.8817718 1.6865354 2.8817718 1.7534646 1 P 0
L 2.8817718 1.6865354 3.0136615 1.6865354 1 P 0
L 2.8817718 1.7534646 3.0136615 1.7534646 1 P 0
L 2.888504 0.079252 2.888504 0.1107481 1 P 0
L 2.888504 0.079252 2.9514961 0.079252 1 P 0
L 2.888504 0.1107481 2.9514961 0.1107481 1 P 0
L 2.8891733 0.57 2.9108268 0.57 1 P 0
L 2.8941733 1.045 2.9158268 1.045 1 P 0
L 2.9 0.5591733 2.9 0.5808268 1 P 0
L 2.905 1.0341733 2.905 1.0558268 1 P 0
L 2.905315 0.665433 2.9446851 0.665433 0 P 0
L 2.9091733 0.095 2.9308268 0.095 1 P 0
L 2.910315 0.1949999 2.9496851 0.1949999 0 P 0
L 2.910315 1.1449999 2.9496851 1.1449999 0 P 0
L 2.910315 1.5949999 2.9496851 1.5949999 0 P 0
L 2.92 0.0841733 2.92 0.1058268 1 P 0
L 2.925 0.645748 2.925 0.6851181 0 P 0
L 2.9280316 0.325 2.9674017 0.325 0 P 0
L 2.9280316 0.7977431 2.9674017 0.7977431 0 P 0
L 2.9280316 1.28 2.9674017 1.28 0 P 0
L 2.9280316 1.72 2.9674017 1.72 0 P 0
L 2.93 0.1753149 2.93 0.214685 0 P 0
L 2.93 1.1253149 2.93 1.164685 0 P 0
L 2.93 1.5753149 2.93 1.614685 0 P 0
L 2.9314961 0.554252 2.9314961 0.5857481 1 P 0
L 2.9364961 1.029252 2.9364961 1.0607481 1 P 0
L 2.9477166 0.305315 2.9477166 0.344685 0 P 0
L 2.9477166 0.7780581 2.9477166 0.8174281 0 P 0
L 2.9477166 1.260315 2.9477166 1.299685 0 P 0
L 2.9477166 1.700315 2.9477166 1.739685 0 P 0
L 2.9496852 1.484252 2.9496852 1.5157481 1 P 0
L 2.9496852 1.484252 3.0126773 1.484252 1 P 0
L 2.9496852 1.5157481 3.0126773 1.5157481 1 P 0
L 2.9514961 0.079252 2.9514961 0.1107481 1 P 0
L 2.9703545 1.5 2.992008 1.5 1 P 0
L 2.9811812 1.4891733 2.9811812 1.5108268 1 P 0
L 2.9879922 0.6024409 2.9879922 0.7284252 0 P 0
L 2.9929922 0.1320078 2.9929922 0.2579921 0 P 0
L 2.9929922 1.0820078 2.9929922 1.2079921 0 P 0
L 2.9929922 1.5320078 2.9929922 1.6579921 0 P 0
L 3.0042519 0.143504 3.0042519 0.2064961 1 P 0
L 3.0042519 0.143504 3.035748 0.143504 1 P 0
L 3.0042519 0.2064961 3.035748 0.2064961 1 P 0
L 3.0091732 0.175 3.0308267 0.175 1 P 0
L 3.0092519 0.608504 3.0092519 0.6714961 1 P 0
L 3.0092519 0.608504 3.040748 0.608504 1 P 0
L 3.0092519 0.6714961 3.040748 0.6714961 1 P 0
L 3.0126773 1.484252 3.0126773 1.5157481 1 P 0
L 3.0136615 0.2915354 3.0136615 0.3584646 1 P 0
L 3.0136615 0.7642785 3.0136615 0.8312077 1 P 0
L 3.0136615 1.2465354 3.0136615 1.3134646 1 P 0
L 3.0136615 1.6865354 3.0136615 1.7534646 1 P 0
L 3.0141732 0.64 3.0358267 0.64 1 P 0
L 3.0192519 1.088504 3.0192519 1.1514961 1 P 0
L 3.0192519 1.088504 3.050748 1.088504 1 P 0
L 3.0192519 1.1514961 3.050748 1.1514961 1 P 0
L 3.0192519 1.538504 3.0192519 1.6014961 1 P 0
L 3.0192519 1.538504 3.050748 1.538504 1 P 0
L 3.0192519 1.6014961 3.050748 1.6014961 1 P 0
L 3.02 0.1641733 3.02 0.1858268 1 P 0
L 3.0241732 1.12 3.0458267 1.12 1 P 0
L 3.0241732 1.57 3.0458267 1.57 1 P 0
L 3.025 0.6291733 3.025 0.6508268 1 P 0
L 3.035 1.1091733 3.035 1.1308268 1 P 0
L 3.035 1.5591733 3.035 1.5808268 1 P 0
L 3.035748 0.143504 3.035748 0.2064961 1 P 0
L 3.040748 0.608504 3.040748 0.6714961 1 P 0
L 3.050748 1.088504 3.050748 1.1514961 1 P 0
L 3.050748 1.538504 3.050748 1.6014961 1 P 0
L 3.1485039 0.0992519 3.1485039 0.130748 1 P 0
L 3.1485039 0.0992519 3.211496 0.0992519 1 P 0
L 3.1485039 0.130748 3.211496 0.130748 1 P 0
L 3.1510158 1.2742519 3.1510158 1.305748 1 P 0
L 3.1510158 1.2742519 3.2140079 1.2742519 1 P 0
L 3.1510158 1.305748 3.2140079 1.305748 1 P 0
L 3.1557874 1.0292519 3.1557874 1.060748 1 P 0
L 3.1557874 1.0292519 3.2187795 1.0292519 1 P 0
L 3.1557874 1.060748 3.2187795 1.060748 1 P 0
L 3.1585039 1.4892519 3.1585039 1.520748 1 P 0
L 3.1585039 1.4892519 3.221496 1.4892519 1 P 0
L 3.1585039 1.520748 3.221496 1.520748 1 P 0
L 3.1641337 0.5471968 3.1641337 0.5786929 1 P 0
L 3.1641337 0.5471968 3.2271258 0.5471968 1 P 0
L 3.1641337 0.5786929 3.2271258 0.5786929 1 P 0
L 3.1691732 0.115 3.1908267 0.115 1 P 0
L 3.1716851 1.29 3.1933386 1.29 1 P 0
L 3.1762205 0.3092519 3.1762205 0.340748 1 P 0
L 3.1762205 0.3092519 3.2392126 0.3092519 1 P 0
L 3.1762205 0.340748 3.2392126 0.340748 1 P 0
L 3.1764567 1.045 3.1981102 1.045 1 P 0
L 3.1791732 1.505 3.2008267 1.505 1 P 0
L 3.18 0.1041732 3.18 0.1258267 1 P 0
L 3.1825119 1.2791732 3.1825119 1.3008267 1 P 0
L 3.1841337 0.7721968 3.1841337 0.8036929 1 P 0
L 3.1841337 0.7721968 3.2471258 0.7721968 1 P 0
L 3.1841337 0.8036929 3.2471258 0.8036929 1 P 0
L 3.184803 0.5629449 3.2064565 0.5629449 1 P 0
L 3.1860158 1.6992519 3.1860158 1.730748 1 P 0
L 3.1860158 1.6992519 3.2490079 1.6992519 1 P 0
L 3.1860158 1.730748 3.2490079 1.730748 1 P 0
L 3.1872835 1.0341732 3.1872835 1.0558267 1 P 0
L 3.19 1.4941732 3.19 1.5158267 1 P 0
L 3.1956298 0.5521181 3.1956298 0.5737716 1 P 0
L 3.1968898 0.325 3.2185433 0.325 1 P 0
L 3.204803 0.7879449 3.2264565 0.7879449 1 P 0
L 3.2066851 1.715 3.2283386 1.715 1 P 0
L 3.2077166 0.3141732 3.2077166 0.3358267 1 P 0
L 3.211496 0.0992519 3.211496 0.130748 1 P 0
L 3.2140079 1.2742519 3.2140079 1.305748 1 P 0
L 3.2156298 0.7771181 3.2156298 0.7987716 1 P 0
L 3.2175119 1.7041732 3.2175119 1.7258267 1 P 0
L 3.2187795 1.0292519 3.2187795 1.060748 1 P 0
L 3.221496 1.4892519 3.221496 1.520748 1 P 0
L 3.2271258 0.5471968 3.2271258 0.5786929 1 P 0
L 3.2392126 0.3092519 3.2392126 0.340748 1 P 0
L 3.2471258 0.7721968 3.2471258 0.8036929 1 P 0
L 3.2490079 1.6992519 3.2490079 1.730748 1 P 0
L 3.2670079 0.1415748 3.2670079 0.2675591 0 P 0
L 3.2670079 0.1415748 3.3929922 0.1415748 0 P 0
L 3.2670079 0.2675591 3.3929922 0.2675591 0 P 0
L 3.2670079 0.5949527 3.2670079 0.720937 0 P 0
L 3.2670079 0.5949527 3.3929922 0.5949527 0 P 0
L 3.2670079 0.720937 3.3929922 0.720937 0 P 0
L 3.2670079 1.0820078 3.2670079 1.2079921 0 P 0
L 3.2670079 1.0820078 3.3929922 1.0820078 0 P 0
L 3.2670079 1.2079921 3.3929922 1.2079921 0 P 0
L 3.2670079 1.5420078 3.2670079 1.6679921 0 P 0
L 3.2670079 1.5420078 3.3929922 1.5420078 0 P 0
L 3.2670079 1.6679921 3.3929922 1.6679921 0 P 0
L 3.2817718 0.2965354 3.2817718 0.3634646 1 P 0
L 3.2817718 0.2965354 3.4136615 0.2965354 1 P 0
L 3.2817718 0.3634646 3.4136615 0.3634646 1 P 0
L 3.2817718 0.7544803 3.2817718 0.8214095 1 P 0
L 3.2817718 0.7544803 3.4136615 0.7544803 1 P 0
L 3.2817718 0.8214095 3.4136615 0.8214095 1 P 0
L 3.2817718 1.2365354 3.2817718 1.3034646 1 P 0
L 3.2817718 1.2365354 3.4136615 1.2365354 1 P 0
L 3.2817718 1.3034646 3.4136615 1.3034646 1 P 0
L 3.2817718 1.6815354 3.2817718 1.7484646 1 P 0
L 3.2817718 1.6815354 3.4136615 1.6815354 1 P 0
L 3.2817718 1.7484646 3.4136615 1.7484646 1 P 0
L 3.310315 0.2045669 3.3496851 0.2045669 0 P 0
L 3.310315 0.6579448 3.3496851 0.6579448 0 P 0
L 3.310315 1.1449999 3.3496851 1.1449999 0 P 0
L 3.310315 1.6049999 3.3496851 1.6049999 0 P 0
L 3.3280316 0.33 3.3674017 0.33 0 P 0
L 3.3280316 0.7879449 3.3674017 0.7879449 0 P 0
L 3.3280316 1.27 3.3674017 1.27 0 P 0
L 3.3280316 1.715 3.3674017 1.715 0 P 0
L 3.33 0.1848819 3.33 0.224252 0 P 0
L 3.33 0.6382598 3.33 0.6776299 0 P 0
L 3.33 1.1253149 3.33 1.164685 0 P 0
L 3.33 1.5853149 3.33 1.624685 0 P 0
L 3.3477166 0.310315 3.3477166 0.349685 0 P 0
L 3.3477166 0.7682599 3.3477166 0.8076299 0 P 0
L 3.3477166 1.250315 3.3477166 1.289685 0 P 0
L 3.3477166 1.695315 3.3477166 1.734685 0 P 0
L 3.3496852 0.099252 3.3496852 0.1307481 1 P 0
L 3.3496852 0.099252 3.4126773 0.099252 1 P 0
L 3.3496852 0.1307481 3.4126773 0.1307481 1 P 0
L 3.3496852 0.5421969 3.3496852 0.573693 1 P 0
L 3.3496852 0.5421969 3.4126773 0.5421969 1 P 0
L 3.3496852 0.573693 3.4126773 0.573693 1 P 0
L 3.3496852 1.029252 3.3496852 1.0607481 1 P 0
L 3.3496852 1.029252 3.4126773 1.029252 1 P 0
L 3.3496852 1.0607481 3.4126773 1.0607481 1 P 0
L 3.3496852 1.494252 3.3496852 1.5257481 1 P 0
L 3.3496852 1.494252 3.4126773 1.494252 1 P 0
L 3.3496852 1.5257481 3.4126773 1.5257481 1 P 0
L 3.3703545 0.115 3.392008 0.115 1 P 0
L 3.3703545 0.5579449 3.392008 0.5579449 1 P 0
L 3.3703545 1.045 3.392008 1.045 1 P 0
L 3.3703545 1.51 3.392008 1.51 1 P 0
L 3.3811812 0.1041733 3.3811812 0.1258268 1 P 0
L 3.3811812 0.5471182 3.3811812 0.5687717 1 P 0
L 3.3811812 1.0341733 3.3811812 1.0558268 1 P 0
L 3.3811812 1.4991733 3.3811812 1.5208268 1 P 0
L 3.3929922 0.1415748 3.3929922 0.2675591 0 P 0
L 3.3929922 0.5949527 3.3929922 0.720937 0 P 0
L 3.3929922 1.0820078 3.3929922 1.2079921 0 P 0
L 3.3929922 1.5420078 3.3929922 1.6679921 0 P 0
L 3.4092519 0.598504 3.4092519 0.6614961 1 P 0
L 3.4092519 0.598504 3.440748 0.598504 1 P 0
L 3.4092519 0.6614961 3.440748 0.6614961 1 P 0
L 3.4126773 0.099252 3.4126773 0.1307481 1 P 0
L 3.4126773 0.5421969 3.4126773 0.573693 1 P 0
L 3.4126773 1.029252 3.4126773 1.0607481 1 P 0
L 3.4126773 1.494252 3.4126773 1.5257481 1 P 0
L 3.4136615 0.2965354 3.4136615 0.3634646 1 P 0
L 3.4136615 0.7544803 3.4136615 0.8214095 1 P 0
L 3.4136615 1.2365354 3.4136615 1.3034646 1 P 0
L 3.4136615 1.6815354 3.4136615 1.7484646 1 P 0
L 3.4141732 0.63 3.4358267 0.63 1 P 0
L 3.4142519 0.148504 3.4142519 0.2114961 1 P 0
L 3.4142519 0.148504 3.445748 0.148504 1 P 0
L 3.4142519 0.2114961 3.445748 0.2114961 1 P 0
L 3.4142519 1.0812205 3.4142519 1.1442126 1 P 0
L 3.4142519 1.0812205 3.445748 1.0812205 1 P 0
L 3.4142519 1.1442126 3.445748 1.1442126 1 P 0
L 3.4142519 1.543504 3.4142519 1.6064961 1 P 0
L 3.4142519 1.543504 3.445748 1.543504 1 P 0
L 3.4142519 1.6064961 3.445748 1.6064961 1 P 0
L 3.4191732 0.18 3.4408267 0.18 1 P 0
L 3.4191732 1.1127165 3.4408267 1.1127165 1 P 0
L 3.4191732 1.575 3.4408267 1.575 1 P 0
L 3.425 0.6191733 3.425 0.6408268 1 P 0
L 3.43 0.1691733 3.43 0.1908268 1 P 0
L 3.43 1.1018898 3.43 1.1235433 1 P 0
L 3.43 1.5641733 3.43 1.5858268 1 P 0
L 3.440748 0.598504 3.440748 0.6614961 1 P 0
L 3.445748 0.148504 3.445748 0.2114961 1 P 0
L 3.445748 1.0812205 3.445748 1.1442126 1 P 0
L 3.445748 1.543504 3.445748 1.6064961 1 P 0
L 3.6386593 0.8653065 3.6386593 0.9558576 1 P 0
L 3.6386593 0.8653065 3.6819664 0.8653065 1 P 0
L 3.6386593 0.9558576 3.6819664 0.9558576 1 P 0
L 3.641612 0.9105821 3.6790136 0.9105821 1 P 0
L 3.6445649 0.979086 3.6445649 1.0420781 1 P 0
L 3.6445649 0.979086 3.676061 0.979086 1 P 0
L 3.6445649 1.0420781 3.676061 1.0420781 1 P 0
L 3.6464567 1.1072441 3.6464567 1.5127559 1 P 0
L 3.6464567 1.1072441 3.9535433 1.1072441 1 P 0
L 3.6464567 1.5127559 3.9535433 1.5127559 1 P 0
L 3.6494862 1.0105821 3.6711397 1.0105821 1 P 0
L 3.6603128 0.8918813 3.6603128 0.9292828 1 P 0
L 3.6603129 0.9997553 3.6603129 1.0214088 1 P 0
L 3.676061 0.979086 3.676061 1.0420781 1 P 0
L 3.6819664 0.8653065 3.6819664 0.9558576 1 P 0
L 3.6973624 0.8647245 3.6973624 0.9552756 1 P 0
L 3.6973624 0.8647245 3.7406695 0.8647245 1 P 0
L 3.6973624 0.9552756 3.7406695 0.9552756 1 P 0
L 3.7003151 0.9100001 3.7377167 0.9100001 1 P 0
L 3.7045649 0.979086 3.7045649 1.0420781 1 P 0
L 3.7045649 0.979086 3.736061 0.979086 1 P 0
L 3.7045649 1.0420781 3.736061 1.0420781 1 P 0
L 3.7094862 1.0105821 3.7311397 1.0105821 1 P 0
L 3.7190159 0.8912993 3.7190159 0.9287008 1 P 0
L 3.7203129 0.9997553 3.7203129 1.0214088 1 P 0
L 3.736061 0.979086 3.736061 1.0420781 1 P 0
L 3.7406695 0.8647245 3.7406695 0.9552756 1 P 0
L 3.7583464 0.8647245 3.7583464 0.9552756 1 P 0
L 3.7583464 0.8647245 3.8016535 0.8647245 1 P 0
L 3.7583464 0.9552756 3.8016535 0.9552756 1 P 0
L 3.7612991 0.9100001 3.7987007 0.9100001 1 P 0
L 3.7645649 0.979086 3.7645649 1.0420781 1 P 0
L 3.7645649 0.979086 3.796061 0.979086 1 P 0
L 3.7645649 1.0420781 3.796061 1.0420781 1 P 0
L 3.7694862 1.0105821 3.7911397 1.0105821 1 P 0
L 3.7799999 0.8912993 3.7799999 0.9287008 1 P 0
L 3.7803129 0.9997553 3.7803129 1.0214088 1 P 0
L 3.780315 1.31 3.8196851 1.31 0 P 0
L 3.796061 0.979086 3.796061 1.0420781 1 P 0
L 3.8 1.290315 3.8 1.3296851 0 P 0
L 3.8016535 0.8647245 3.8016535 0.9552756 1 P 0
L 3.8193304 0.8647245 3.8193304 0.9552756 1 P 0
L 3.8193304 0.8647245 3.8626375 0.8647245 1 P 0
L 3.8193304 0.9552756 3.8626375 0.9552756 1 P 0
L 3.8222831 0.9100001 3.8596847 0.9100001 1 P 0
L 3.8295649 0.9790859 3.8295649 1.042078 1 P 0
L 3.8295649 0.9790859 3.861061 0.9790859 1 P 0
L 3.8295649 1.042078 3.861061 1.042078 1 P 0
L 3.8344862 1.010582 3.8561397 1.010582 1 P 0
L 3.8409839 0.8912993 3.8409839 0.9287008 1 P 0
L 3.8453129 0.9997552 3.8453129 1.0214087 1 P 0
L 3.861061 0.9790859 3.861061 1.042078 1 P 0
L 3.8626375 0.8647245 3.8626375 0.9552756 1 P 0
L 3.8803144 0.8647245 3.8803144 0.9552756 1 P 0
L 3.8803144 0.8647245 3.9236215 0.8647245 1 P 0
L 3.8803144 0.9552756 3.9236215 0.9552756 1 P 0
L 3.8832671 0.9100001 3.9206687 0.9100001 1 P 0
L 3.8895649 0.979086 3.8895649 1.0420781 1 P 0
L 3.8895649 0.979086 3.921061 0.979086 1 P 0
L 3.8895649 1.0420781 3.921061 1.0420781 1 P 0
L 3.8944862 1.0105821 3.9161397 1.0105821 1 P 0
L 3.9019679 0.8912993 3.9019679 0.9287008 1 P 0
L 3.9053129 0.9997553 3.9053129 1.0214088 1 P 0
L 3.921061 0.979086 3.921061 1.0420781 1 P 0
L 3.9236215 0.8647245 3.9236215 0.9552756 1 P 0
L 3.9412984 0.8647245 3.9412984 0.9552756 1 P 0
L 3.9412984 0.8647245 3.9846055 0.8647245 1 P 0
L 3.9412984 0.9552756 3.9846055 0.9552756 1 P 0
L 3.9442511 0.9100001 3.9816527 0.9100001 1 P 0
L 3.9495649 0.979086 3.9495649 1.0420781 1 P 0
L 3.9495649 0.979086 3.981061 0.979086 1 P 0
L 3.9495649 1.0420781 3.981061 1.0420781 1 P 0
L 3.9535433 1.1072441 3.9535433 1.5127559 1 P 0
L 3.9544862 1.0105821 3.9761397 1.0105821 1 P 0
L 3.9629519 0.8912993 3.9629519 0.9287008 1 P 0
L 3.9653129 0.9997553 3.9653129 1.0214088 1 P 0
L 3.978504 1.4592519 3.978504 1.490748 1 P 0
L 3.978504 1.4592519 4.0414961 1.4592519 1 P 0
L 3.978504 1.490748 4.0414961 1.490748 1 P 0
L 3.981061 0.979086 3.981061 1.0420781 1 P 0
L 3.9846055 0.8647245 3.9846055 0.9552756 1 P 0
L 3.998189 1.475 4.0218111 1.475 1 P 0
L 4.01 1.463189 4.01 1.486811 1 P 0
L 4.0414961 1.4592519 4.0414961 1.490748 1 P 0
