#Layer_Color=16711935
#
#Feature symbol names
#
$0 r3.937

#
#Feature attribute names
#

#
#Layer features
#
A 3.7665354 1.4674803 3.7665354 1.4674803 3.7468504 1.4674803 0 P 0 N
L 0.0555512 0.7962993 0.0555512 0.8337009 0 P 0
L 0.0555512 0.7962993 0.1244489 0.7962993 0 P 0
L 0.0555512 0.8337009 0.1244489 0.8337009 0 P 0
L 0.06272 0.930987 0.06272 0.954609 0 P 0
L 0.06272 0.930987 0.1060271 0.930987 0 P 0
L 0.06272 0.954609 0.1060271 0.954609 0 P 0
L 0.0637043 0.9869715 0.0637043 1.008625 0 P 0
L 0.0637043 0.9869715 0.1050429 0.9869715 0 P 0
L 0.0637043 1.008625 0.1050429 1.008625 0 P 0
L 0.0643307 0.8591734 0.0643307 0.8808269 0 P 0
L 0.0643307 0.8591734 0.1056693 0.8591734 0 P 0
L 0.0643307 0.8808269 0.1056693 0.8808269 0 P 0
L 0.0991733 1.3593307 0.0991733 1.4006693 0 P 0
L 0.0991733 1.3593307 0.1208268 1.3593307 0 P 0
L 0.0991733 1.4006693 0.1208268 1.4006693 0 P 0
L 0.1050429 0.9869715 0.1050429 1.008625 0 P 0
L 0.1056693 0.8591734 0.1056693 0.8808269 0 P 0
L 0.1060271 0.930987 0.1060271 0.954609 0 P 0
L 0.1208268 1.3593307 0.1208268 1.4006693 0 P 0
L 0.1244489 0.7962993 0.1244489 0.8337009 0 P 0
L 0.1770473 1.3341732 0.1770473 1.3558267 0 P 0
L 0.1770473 1.3341732 0.2183859 1.3341732 0 P 0
L 0.1770473 1.3558267 0.2183859 1.3558267 0 P 0
L 0.178189 1.4633465 0.178189 1.5066536 0 P 0
L 0.178189 1.4633465 0.201811 1.4633465 0 P 0
L 0.178189 1.5066536 0.201811 1.5066536 0 P 0
L 0.1793307 1.2941733 0.1793307 1.3158268 0 P 0
L 0.1793307 1.2941733 0.2206693 1.2941733 0 P 0
L 0.1793307 1.3158268 0.2206693 1.3158268 0 P 0
L 0.201811 1.4633465 0.201811 1.5066536 0 P 0
L 0.2045928 1.1440197 0.2045928 1.2660669 0 P 0
L 0.2045928 1.1440197 0.2754589 1.1440197 0 P 0
L 0.2045928 1.2660669 0.2754589 1.2660669 0 P 0
L 0.2183859 1.3341732 0.2183859 1.3558267 0 P 0
L 0.2206693 1.2941733 0.2206693 1.3158268 0 P 0
L 0.2233464 1.108189 0.2233464 1.131811 0 P 0
L 0.2233464 1.108189 0.2666535 1.108189 0 P 0
L 0.2233464 1.131811 0.2666535 1.131811 0 P 0
L 0.2314567 1.426693 0.2314567 1.5133071 0 P 0
L 0.2314567 1.426693 0.2885433 1.426693 0 P 0
L 0.2314567 1.5133071 0.2885433 1.5133071 0 P 0
L 0.2583465 0.788189 0.2583465 0.811811 0 P 0
L 0.2583465 0.788189 0.3016536 0.788189 0 P 0
L 0.2583465 0.811811 0.3016536 0.811811 0 P 0
L 0.2666535 1.108189 0.2666535 1.131811 0 P 0
L 0.2740945 1.333189 0.2740945 1.356811 0 P 0
L 0.2740945 1.333189 0.3174016 1.333189 0 P 0
L 0.2740945 1.356811 0.3174016 1.356811 0 P 0
L 0.2743307 1.2941732 0.2743307 1.3158267 0 P 0
L 0.2743307 1.2941732 0.3156693 1.2941732 0 P 0
L 0.2743307 1.3158267 0.3156693 1.3158267 0 P 0
L 0.2754589 1.1440197 0.2754589 1.2660669 0 P 0
L 0.2885433 1.426693 0.2885433 1.5133071 0 P 0
L 0.3016536 0.788189 0.3016536 0.811811 0 P 0
L 0.3156693 1.2941732 0.3156693 1.3158267 0 P 0
L 0.3164567 1.428189 0.3164567 1.5148031 0 P 0
L 0.3164567 1.428189 0.3735433 1.428189 0 P 0
L 0.3164567 1.5148031 0.3735433 1.5148031 0 P 0
L 0.3174016 1.333189 0.3174016 1.356811 0 P 0
L 0.343189 1.1833464 0.343189 1.2266535 0 P 0
L 0.343189 1.1833464 0.366811 1.1833464 0 P 0
L 0.343189 1.2266535 0.366811 1.2266535 0 P 0
L 0.366811 1.1833464 0.366811 1.2266535 0 P 0
L 0.3735433 1.428189 0.3735433 1.5148031 0 P 0
L 0.4031102 1.2131103 0.4031102 1.4268898 0 P 0
L 0.4031102 1.2131103 0.6168897 1.2131103 0 P 0
L 0.4031102 1.4268898 0.6168897 1.4268898 0 P 0
L 0.501693 0.9514567 0.501693 1.0085433 0 P 0
L 0.501693 0.9514567 0.5883071 0.9514567 0 P 0
L 0.501693 1.0085433 0.5883071 1.0085433 0 P 0
L 0.501693 1.0214567 0.501693 1.0785433 0 P 0
L 0.501693 1.0214567 0.5883071 1.0214567 0 P 0
L 0.501693 1.0785433 0.5883071 1.0785433 0 P 0
L 0.5883071 0.9514567 0.5883071 1.0085433 0 P 0
L 0.5883071 1.0214567 0.5883071 1.0785433 0 P 0
L 0.5912992 0.7631102 0.5912992 0.8320079 0 P 0
L 0.5912992 0.7631102 0.6287008 0.7631102 0 P 0
L 0.5912992 0.8320079 0.6287008 0.8320079 0 P 0
L 0.6168897 1.2131103 0.6168897 1.4268898 0 P 0
L 0.6287008 0.7631102 0.6287008 0.8320079 0 P 0
L 0.65636 0.81273 0.65636 0.90721 0 P 0
L 0.65636 0.81273 0.70366 0.81273 0 P 0
L 0.65636 0.90721 0.70366 0.90721 0 P 0
L 0.70366 0.81273 0.70366 0.90721 0 P 0
L 1.5143307 1.2941731 1.5143307 1.3158266 0 P 0
L 1.5143307 1.2941731 1.5556693 1.2941731 0 P 0
L 1.5143307 1.3158266 1.5556693 1.3158266 0 P 0
L 1.5143307 1.3891731 1.5143307 1.4108266 0 P 0
L 1.5143307 1.3891731 1.5556693 1.3891731 0 P 0
L 1.5143307 1.4108266 1.5556693 1.4108266 0 P 0
L 1.5556693 1.2941731 1.5556693 1.3158266 0 P 0
L 1.5556693 1.3891731 1.5556693 1.4108266 0 P 0
L 1.7812993 0.7405511 1.7812993 0.8094488 0 P 0
L 1.7812993 0.7405511 1.8187009 0.7405511 0 P 0
L 1.7812993 0.8094488 1.8187009 0.8094488 0 P 0
L 1.8187009 0.7405511 1.8187009 0.8094488 0 P 0
L 1.9766142 0.1091732 1.9766142 0.1308267 0 P 0
L 1.9766142 0.1091732 2.0179528 0.1091732 0 P 0
L 1.9766142 0.1308267 2.0179528 0.1308267 0 P 0
L 1.9843307 1.0141732 1.9843307 1.0358267 0 P 0
L 1.9843307 1.0141732 2.0256693 1.0141732 0 P 0
L 1.9843307 1.0358267 2.0256693 1.0358267 0 P 0
L 1.9843307 1.4941732 1.9843307 1.5158267 0 P 0
L 1.9843307 1.4941732 2.0256693 1.4941732 0 P 0
L 1.9843307 1.5158267 2.0256693 1.5158267 0 P 0
L 1.9893307 0.5741732 1.9893307 0.5958267 0 P 0
L 1.9893307 0.5741732 2.0306693 0.5741732 0 P 0
L 1.9893307 0.5958267 2.0306693 0.5958267 0 P 0
L 1.9943307 1.2791732 1.9943307 1.3008267 0 P 0
L 1.9943307 1.2791732 2.0356693 1.2791732 0 P 0
L 1.9943307 1.3008267 2.0356693 1.3008267 0 P 0
L 2.0043307 0.3141732 2.0043307 0.3358267 0 P 0
L 2.0043307 0.3141732 2.0456693 0.3141732 0 P 0
L 2.0043307 0.3358267 2.0456693 0.3358267 0 P 0
L 2.0093307 0.7841732 2.0093307 0.8058267 0 P 0
L 2.0093307 0.7841732 2.0506693 0.7841732 0 P 0
L 2.0093307 0.8058267 2.0506693 0.8058267 0 P 0
L 2.0093307 1.7141732 2.0093307 1.7358267 0 P 0
L 2.0093307 1.7141732 2.0506693 1.7141732 0 P 0
L 2.0093307 1.7358267 2.0506693 1.7358267 0 P 0
L 2.0179528 0.1091732 2.0179528 0.1308267 0 P 0
L 2.0256693 1.0141732 2.0256693 1.0358267 0 P 0
L 2.0256693 1.4941732 2.0256693 1.5158267 0 P 0
L 2.0306693 0.5741732 2.0306693 0.5958267 0 P 0
L 2.0356693 1.2791732 2.0356693 1.3008267 0 P 0
L 2.0456693 0.3141732 2.0456693 0.3358267 0 P 0
L 2.0506693 0.7841732 2.0506693 0.8058267 0 P 0
L 2.0506693 1.7141732 2.0506693 1.7358267 0 P 0
L 2.0859449 0.1774409 2.0859449 0.232559 0 P 0
L 2.0859449 0.1774409 2.2040551 0.1774409 0 P 0
L 2.0859449 0.232559 2.2040551 0.232559 0 P 0
L 2.0859449 0.6524409 2.0859449 0.707559 0 P 0
L 2.0859449 0.6524409 2.2040551 0.6524409 0 P 0
L 2.0859449 0.707559 2.2040551 0.707559 0 P 0
L 2.0859449 1.1020079 2.0859449 1.157126 0 P 0
L 2.0859449 1.1020079 2.2040551 1.1020079 0 P 0
L 2.0859449 1.157126 2.2040551 1.157126 0 P 0
L 2.0859449 1.5824409 2.0859449 1.637559 0 P 0
L 2.0859449 1.5824409 2.2040551 1.5824409 0 P 0
L 2.0859449 1.637559 2.2040551 1.637559 0 P 0
L 2.0893307 1.0141733 2.0893307 1.0358268 0 P 0
L 2.0893307 1.0141733 2.1306693 1.0141733 0 P 0
L 2.0893307 1.0358268 2.1306693 1.0358268 0 P 0
L 2.1272836 0.3034252 2.1272836 0.3565748 0 P 0
L 2.1272836 0.3034252 2.1981497 0.3034252 0 P 0
L 2.1272836 0.3565748 2.1981497 0.3565748 0 P 0
L 2.1272836 0.7684252 2.1272836 0.8215748 0 P 0
L 2.1272836 0.7684252 2.1981497 0.7684252 0 P 0
L 2.1272836 0.8215748 2.1981497 0.8215748 0 P 0
L 2.1272836 1.2584252 2.1272836 1.3115748 0 P 0
L 2.1272836 1.2584252 2.1981497 1.2584252 0 P 0
L 2.1272836 1.3115748 2.1981497 1.3115748 0 P 0
L 2.1272836 1.7034252 2.1272836 1.7565748 0 P 0
L 2.1272836 1.7034252 2.1981497 1.7034252 0 P 0
L 2.1272836 1.7565748 2.1981497 1.7565748 0 P 0
L 2.1306693 1.0141733 2.1306693 1.0358268 0 P 0
L 2.1755119 0.0991733 2.1755119 0.1208268 0 P 0
L 2.1755119 0.0991733 2.2168505 0.0991733 0 P 0
L 2.1755119 0.1208268 2.2168505 0.1208268 0 P 0
L 2.1755119 0.5741733 2.1755119 0.5958268 0 P 0
L 2.1755119 0.5741733 2.2168505 0.5741733 0 P 0
L 2.1755119 0.5958268 2.2168505 0.5958268 0 P 0
L 2.1755119 1.4991733 2.1755119 1.5208268 0 P 0
L 2.1755119 1.4991733 2.2168505 1.4991733 0 P 0
L 2.1755119 1.5208268 2.2168505 1.5208268 0 P 0
L 2.1981497 0.3034252 2.1981497 0.3565748 0 P 0
L 2.1981497 0.7684252 2.1981497 0.8215748 0 P 0
L 2.1981497 1.2584252 2.1981497 1.3115748 0 P 0
L 2.1981497 1.7034252 2.1981497 1.7565748 0 P 0
L 2.2040551 0.1774409 2.2040551 0.232559 0 P 0
L 2.2040551 0.6524409 2.2040551 0.707559 0 P 0
L 2.2040551 1.1020079 2.2040551 1.157126 0 P 0
L 2.2040551 1.5824409 2.2040551 1.637559 0 P 0
L 2.2168505 0.0991733 2.2168505 0.1208268 0 P 0
L 2.2168505 0.5741733 2.2168505 0.5958268 0 P 0
L 2.2168505 1.4991733 2.2168505 1.5208268 0 P 0
L 2.2191732 1.0843307 2.2191732 1.1256693 0 P 0
L 2.2191732 1.0843307 2.2408267 1.0843307 0 P 0
L 2.2191732 1.1256693 2.2408267 1.1256693 0 P 0
L 2.2241732 0.1543307 2.2241732 0.1956693 0 P 0
L 2.2241732 0.1543307 2.2458267 0.1543307 0 P 0
L 2.2241732 0.1956693 2.2458267 0.1956693 0 P 0
L 2.2241732 0.6293307 2.2241732 0.6706693 0 P 0
L 2.2241732 0.6293307 2.2458267 0.6293307 0 P 0
L 2.2241732 0.6706693 2.2458267 0.6706693 0 P 0
L 2.2341732 1.5666141 2.2341732 1.6079527 0 P 0
L 2.2341732 1.5666141 2.2558267 1.5666141 0 P 0
L 2.2341732 1.6079527 2.2558267 1.6079527 0 P 0
L 2.2408267 1.0843307 2.2408267 1.1256693 0 P 0
L 2.2458267 0.1543307 2.2458267 0.1956693 0 P 0
L 2.2458267 0.6293307 2.2458267 0.6706693 0 P 0
L 2.2558267 1.5666141 2.2558267 1.6079527 0 P 0
L 2.3568426 1.2691732 2.3568426 1.2908267 0 P 0
L 2.3568426 1.2691732 2.3981812 1.2691732 0 P 0
L 2.3568426 1.2908267 2.3981812 1.2908267 0 P 0
L 2.3593307 0.0891732 2.3593307 0.1108267 0 P 0
L 2.3593307 0.0891732 2.4006693 0.0891732 0 P 0
L 2.3593307 0.1108267 2.4006693 0.1108267 0 P 0
L 2.3593307 1.4941732 2.3593307 1.5158267 0 P 0
L 2.3593307 1.4941732 2.4006693 1.4941732 0 P 0
L 2.3593307 1.5158267 2.4006693 1.5158267 0 P 0
L 2.3620473 1.0291732 2.3620473 1.0508267 0 P 0
L 2.3620473 1.0291732 2.4033859 1.0291732 0 P 0
L 2.3620473 1.0508267 2.4033859 1.0508267 0 P 0
L 2.3693307 0.5641732 2.3693307 0.5858267 0 P 0
L 2.3693307 0.5641732 2.4106693 0.5641732 0 P 0
L 2.3693307 0.5858267 2.4106693 0.5858267 0 P 0
L 2.3816142 0.7841732 2.3816142 0.8058267 0 P 0
L 2.3816142 0.7841732 2.4229528 0.7841732 0 P 0
L 2.3816142 0.8058267 2.4229528 0.8058267 0 P 0
L 2.3981812 1.2691732 2.3981812 1.2908267 0 P 0
L 2.3993307 0.3141732 2.3993307 0.3358267 0 P 0
L 2.3993307 0.3141732 2.4406693 0.3141732 0 P 0
L 2.3993307 0.3358267 2.4406693 0.3358267 0 P 0
L 2.4006693 0.0891732 2.4006693 0.1108267 0 P 0
L 2.4006693 1.4941732 2.4006693 1.5158267 0 P 0
L 2.4033859 1.0291732 2.4033859 1.0508267 0 P 0
L 2.4106693 0.5641732 2.4106693 0.5858267 0 P 0
L 2.4168426 1.7141732 2.4168426 1.7358267 0 P 0
L 2.4168426 1.7141732 2.4581812 1.7141732 0 P 0
L 2.4168426 1.7358267 2.4581812 1.7358267 0 P 0
L 2.4229528 0.7841732 2.4229528 0.8058267 0 P 0
L 2.4406693 0.3141732 2.4406693 0.3358267 0 P 0
L 2.4581812 1.7141732 2.4581812 1.7358267 0 P 0
L 2.4659449 0.1770079 2.4659449 0.232126 0 P 0
L 2.4659449 0.1770079 2.5840551 0.1770079 0 P 0
L 2.4659449 0.232126 2.5840551 0.232126 0 P 0
L 2.4659449 0.6524409 2.4659449 0.707559 0 P 0
L 2.4659449 0.6524409 2.5840551 0.6524409 0 P 0
L 2.4659449 0.707559 2.5840551 0.707559 0 P 0
L 2.4659449 1.1124409 2.4659449 1.167559 0 P 0
L 2.4659449 1.1124409 2.5840551 1.1124409 0 P 0
L 2.4659449 1.167559 2.5840551 1.167559 0 P 0
L 2.4659449 1.5724409 2.4659449 1.627559 0 P 0
L 2.4659449 1.5724409 2.5840551 1.5724409 0 P 0
L 2.4659449 1.627559 2.5840551 1.627559 0 P 0
L 2.5072836 0.2984252 2.5072836 0.3515748 0 P 0
L 2.5072836 0.2984252 2.5781497 0.2984252 0 P 0
L 2.5072836 0.3515748 2.5781497 0.3515748 0 P 0
L 2.5072836 0.7684252 2.5072836 0.8215748 0 P 0
L 2.5072836 0.7684252 2.5781497 0.7684252 0 P 0
L 2.5072836 0.8215748 2.5781497 0.8215748 0 P 0
L 2.5072836 1.2534252 2.5072836 1.3065748 0 P 0
L 2.5072836 1.2534252 2.5781497 1.2534252 0 P 0
L 2.5072836 1.3065748 2.5781497 1.3065748 0 P 0
L 2.5072836 1.6984252 2.5072836 1.7515748 0 P 0
L 2.5072836 1.6984252 2.5781497 1.6984252 0 P 0
L 2.5072836 1.7515748 2.5781497 1.7515748 0 P 0
L 2.5555119 0.0891733 2.5555119 0.1108268 0 P 0
L 2.5555119 0.0891733 2.5968505 0.0891733 0 P 0
L 2.5555119 0.1108268 2.5968505 0.1108268 0 P 0
L 2.5555119 0.5591733 2.5555119 0.5808268 0 P 0
L 2.5555119 0.5591733 2.5968505 0.5591733 0 P 0
L 2.5555119 0.5808268 2.5968505 0.5808268 0 P 0
L 2.5555119 1.0291733 2.5555119 1.0508268 0 P 0
L 2.5555119 1.0291733 2.5968505 1.0291733 0 P 0
L 2.5555119 1.0508268 2.5968505 1.0508268 0 P 0
L 2.5555119 1.4991733 2.5555119 1.5208268 0 P 0
L 2.5555119 1.4991733 2.5968505 1.4991733 0 P 0
L 2.5555119 1.5208268 2.5968505 1.5208268 0 P 0
L 2.5781497 0.2984252 2.5781497 0.3515748 0 P 0
L 2.5781497 0.7684252 2.5781497 0.8215748 0 P 0
L 2.5781497 1.2534252 2.5781497 1.3065748 0 P 0
L 2.5781497 1.6984252 2.5781497 1.7515748 0 P 0
L 2.5840551 0.1770079 2.5840551 0.232126 0 P 0
L 2.5840551 0.6524409 2.5840551 0.707559 0 P 0
L 2.5840551 1.1124409 2.5840551 1.167559 0 P 0
L 2.5840551 1.5724409 2.5840551 1.627559 0 P 0
L 2.5968505 0.0891733 2.5968505 0.1108268 0 P 0
L 2.5968505 0.5591733 2.5968505 0.5808268 0 P 0
L 2.5968505 1.0291733 2.5968505 1.0508268 0 P 0
L 2.5968505 1.4991733 2.5968505 1.5208268 0 P 0
L 2.6091732 1.5570472 2.6091732 1.5983858 0 P 0
L 2.6091732 1.5570472 2.6308267 1.5570472 0 P 0
L 2.6091732 1.5983858 2.6308267 1.5983858 0 P 0
L 2.6141732 0.6293307 2.6141732 0.6706693 0 P 0
L 2.6141732 0.6293307 2.6358267 0.6293307 0 P 0
L 2.6141732 0.6706693 2.6358267 0.6706693 0 P 0
L 2.6241732 0.1543307 2.6241732 0.1956693 0 P 0
L 2.6241732 0.1543307 2.6458267 0.1543307 0 P 0
L 2.6241732 0.1956693 2.6458267 0.1956693 0 P 0
L 2.6308267 1.5570472 2.6308267 1.5983858 0 P 0
L 2.6341732 1.0866141 2.6341732 1.1279527 0 P 0
L 2.6341732 1.0866141 2.6558267 1.0866141 0 P 0
L 2.6341732 1.1279527 2.6558267 1.1279527 0 P 0
L 2.6358267 0.6293307 2.6358267 0.6706693 0 P 0
L 2.6458267 0.1543307 2.6458267 0.1956693 0 P 0
L 2.6558267 1.0866141 2.6558267 1.1279527 0 P 0
L 2.7693307 1.0341732 2.7693307 1.0558267 0 P 0
L 2.7693307 1.0341732 2.8106693 1.0341732 0 P 0
L 2.7693307 1.0558267 2.8106693 1.0558267 0 P 0
L 2.7693307 1.4891732 2.7693307 1.5108267 0 P 0
L 2.7693307 1.4891732 2.8106693 1.4891732 0 P 0
L 2.7693307 1.5108267 2.8106693 1.5108267 0 P 0
L 2.7699605 0.5571181 2.7699605 0.5787716 0 P 0
L 2.7699605 0.5571181 2.8112991 0.5571181 0 P 0
L 2.7699605 0.5787716 2.8112991 0.5787716 0 P 0
L 2.7743307 0.0841732 2.7743307 0.1058267 0 P 0
L 2.7743307 0.0841732 2.8156693 0.0841732 0 P 0
L 2.7743307 0.1058267 2.8156693 0.1058267 0 P 0
L 2.7793307 1.2691732 2.7793307 1.2908267 0 P 0
L 2.7793307 1.2691732 2.8206693 1.2691732 0 P 0
L 2.7793307 1.2908267 2.8206693 1.2908267 0 P 0
L 2.7893307 0.3091732 2.7893307 0.3308267 0 P 0
L 2.7893307 0.3091732 2.8306693 0.3091732 0 P 0
L 2.7893307 0.3308267 2.8306693 0.3308267 0 P 0
L 2.7899605 0.7871181 2.7899605 0.8087716 0 P 0
L 2.7899605 0.7871181 2.8312991 0.7871181 0 P 0
L 2.7899605 0.8087716 2.8312991 0.8087716 0 P 0
L 2.8043307 1.7091732 2.8043307 1.7308267 0 P 0
L 2.8043307 1.7091732 2.8456693 1.7091732 0 P 0
L 2.8043307 1.7308267 2.8456693 1.7308267 0 P 0
L 2.8106693 1.0341732 2.8106693 1.0558267 0 P 0
L 2.8106693 1.4891732 2.8106693 1.5108267 0 P 0
L 2.8112991 0.5571181 2.8112991 0.5787716 0 P 0
L 2.8156693 0.0841732 2.8156693 0.1058267 0 P 0
L 2.8206693 1.2691732 2.8206693 1.2908267 0 P 0
L 2.8306693 0.3091732 2.8306693 0.3308267 0 P 0
L 2.8312991 0.7871181 2.8312991 0.8087716 0 P 0
L 2.8456693 1.7091732 2.8456693 1.7308267 0 P 0
L 2.8659449 0.637874 2.8659449 0.6929921 0 P 0
L 2.8659449 0.637874 2.9840551 0.637874 0 P 0
L 2.8659449 0.6929921 2.9840551 0.6929921 0 P 0
L 2.8709449 0.1674409 2.8709449 0.222559 0 P 0
L 2.8709449 0.1674409 2.9890551 0.1674409 0 P 0
L 2.8709449 0.222559 2.9890551 0.222559 0 P 0
L 2.8709449 1.1174409 2.8709449 1.172559 0 P 0
L 2.8709449 1.1174409 2.9890551 1.1174409 0 P 0
L 2.8709449 1.172559 2.9890551 1.172559 0 P 0
L 2.8709449 1.5674409 2.8709449 1.622559 0 P 0
L 2.8709449 1.5674409 2.9890551 1.5674409 0 P 0
L 2.8709449 1.622559 2.9890551 1.622559 0 P 0
L 2.8793307 0.5591733 2.8793307 0.5808268 0 P 0
L 2.8793307 0.5591733 2.9206693 0.5591733 0 P 0
L 2.8793307 0.5808268 2.9206693 0.5808268 0 P 0
L 2.8843307 1.0341733 2.8843307 1.0558268 0 P 0
L 2.8843307 1.0341733 2.9256693 1.0341733 0 P 0
L 2.8843307 1.0558268 2.9256693 1.0558268 0 P 0
L 2.8993307 0.0841733 2.8993307 0.1058268 0 P 0
L 2.8993307 0.0841733 2.9406693 0.0841733 0 P 0
L 2.8993307 0.1058268 2.9406693 0.1058268 0 P 0
L 2.9122836 0.2984252 2.9122836 0.3515748 0 P 0
L 2.9122836 0.2984252 2.9831497 0.2984252 0 P 0
L 2.9122836 0.3515748 2.9831497 0.3515748 0 P 0
L 2.9122836 0.7711683 2.9122836 0.8243179 0 P 0
L 2.9122836 0.7711683 2.9831497 0.7711683 0 P 0
L 2.9122836 0.8243179 2.9831497 0.8243179 0 P 0
L 2.9122836 1.2534252 2.9122836 1.3065748 0 P 0
L 2.9122836 1.2534252 2.9831497 1.2534252 0 P 0
L 2.9122836 1.3065748 2.9831497 1.3065748 0 P 0
L 2.9122836 1.6934252 2.9122836 1.7465748 0 P 0
L 2.9122836 1.6934252 2.9831497 1.6934252 0 P 0
L 2.9122836 1.7465748 2.9831497 1.7465748 0 P 0
L 2.9206693 0.5591733 2.9206693 0.5808268 0 P 0
L 2.9256693 1.0341733 2.9256693 1.0558268 0 P 0
L 2.9406693 0.0841733 2.9406693 0.1058268 0 P 0
L 2.9605119 1.4891733 2.9605119 1.5108268 0 P 0
L 2.9605119 1.4891733 3.0018505 1.4891733 0 P 0
L 2.9605119 1.5108268 3.0018505 1.5108268 0 P 0
L 2.9831497 0.2984252 2.9831497 0.3515748 0 P 0
L 2.9831497 0.7711683 2.9831497 0.8243179 0 P 0
L 2.9831497 1.2534252 2.9831497 1.3065748 0 P 0
L 2.9831497 1.6934252 2.9831497 1.7465748 0 P 0
L 2.9840551 0.637874 2.9840551 0.6929921 0 P 0
L 2.9890551 0.1674409 2.9890551 0.222559 0 P 0
L 2.9890551 1.1174409 2.9890551 1.172559 0 P 0
L 2.9890551 1.5674409 2.9890551 1.622559 0 P 0
L 3.0018505 1.4891733 3.0018505 1.5108268 0 P 0
L 3.0091732 0.1543307 3.0091732 0.1956693 0 P 0
L 3.0091732 0.1543307 3.0308267 0.1543307 0 P 0
L 3.0091732 0.1956693 3.0308267 0.1956693 0 P 0
L 3.0141732 0.6193307 3.0141732 0.6606693 0 P 0
L 3.0141732 0.6193307 3.0358267 0.6193307 0 P 0
L 3.0141732 0.6606693 3.0358267 0.6606693 0 P 0
L 3.0241732 1.0993307 3.0241732 1.1406693 0 P 0
L 3.0241732 1.0993307 3.0458267 1.0993307 0 P 0
L 3.0241732 1.1406693 3.0458267 1.1406693 0 P 0
L 3.0241732 1.5493307 3.0241732 1.5906693 0 P 0
L 3.0241732 1.5493307 3.0458267 1.5493307 0 P 0
L 3.0241732 1.5906693 3.0458267 1.5906693 0 P 0
L 3.0308267 0.1543307 3.0308267 0.1956693 0 P 0
L 3.0358267 0.6193307 3.0358267 0.6606693 0 P 0
L 3.0458267 1.0993307 3.0458267 1.1406693 0 P 0
L 3.0458267 1.5493307 3.0458267 1.5906693 0 P 0
L 3.1593307 0.1041732 3.1593307 0.1258267 0 P 0
L 3.1593307 0.1041732 3.2006693 0.1041732 0 P 0
L 3.1593307 0.1258267 3.2006693 0.1258267 0 P 0
L 3.1618426 1.2791732 3.1618426 1.3008267 0 P 0
L 3.1618426 1.2791732 3.2031812 1.2791732 0 P 0
L 3.1618426 1.3008267 3.2031812 1.3008267 0 P 0
L 3.1666142 1.0341732 3.1666142 1.0558267 0 P 0
L 3.1666142 1.0341732 3.2079528 1.0341732 0 P 0
L 3.1666142 1.0558267 3.2079528 1.0558267 0 P 0
L 3.1693307 1.4941732 3.1693307 1.5158267 0 P 0
L 3.1693307 1.4941732 3.2106693 1.4941732 0 P 0
L 3.1693307 1.5158267 3.2106693 1.5158267 0 P 0
L 3.1749605 0.5521181 3.1749605 0.5737716 0 P 0
L 3.1749605 0.5521181 3.2162991 0.5521181 0 P 0
L 3.1749605 0.5737716 3.2162991 0.5737716 0 P 0
L 3.1870473 0.3141732 3.1870473 0.3358267 0 P 0
L 3.1870473 0.3141732 3.2283859 0.3141732 0 P 0
L 3.1870473 0.3358267 3.2283859 0.3358267 0 P 0
L 3.1949605 0.7771181 3.1949605 0.7987716 0 P 0
L 3.1949605 0.7771181 3.2362991 0.7771181 0 P 0
L 3.1949605 0.7987716 3.2362991 0.7987716 0 P 0
L 3.1968426 1.7041732 3.1968426 1.7258267 0 P 0
L 3.1968426 1.7041732 3.2381812 1.7041732 0 P 0
L 3.1968426 1.7258267 3.2381812 1.7258267 0 P 0
L 3.2006693 0.1041732 3.2006693 0.1258267 0 P 0
L 3.2031812 1.2791732 3.2031812 1.3008267 0 P 0
L 3.2079528 1.0341732 3.2079528 1.0558267 0 P 0
L 3.2106693 1.4941732 3.2106693 1.5158267 0 P 0
L 3.2162991 0.5521181 3.2162991 0.5737716 0 P 0
L 3.2283859 0.3141732 3.2283859 0.3358267 0 P 0
L 3.2362991 0.7771181 3.2362991 0.7987716 0 P 0
L 3.2381812 1.7041732 3.2381812 1.7258267 0 P 0
L 3.2709449 0.1770079 3.2709449 0.232126 0 P 0
L 3.2709449 0.1770079 3.3890551 0.1770079 0 P 0
L 3.2709449 0.232126 3.3890551 0.232126 0 P 0
L 3.2709449 0.6303858 3.2709449 0.6855039 0 P 0
L 3.2709449 0.6303858 3.3890551 0.6303858 0 P 0
L 3.2709449 0.6855039 3.3890551 0.6855039 0 P 0
L 3.2709449 1.1174409 3.2709449 1.172559 0 P 0
L 3.2709449 1.1174409 3.3890551 1.1174409 0 P 0
L 3.2709449 1.172559 3.3890551 1.172559 0 P 0
L 3.2709449 1.5774409 3.2709449 1.632559 0 P 0
L 3.2709449 1.5774409 3.3890551 1.5774409 0 P 0
L 3.2709449 1.632559 3.3890551 1.632559 0 P 0
L 3.3122836 0.3034252 3.3122836 0.3565748 0 P 0
L 3.3122836 0.3034252 3.3831497 0.3034252 0 P 0
L 3.3122836 0.3565748 3.3831497 0.3565748 0 P 0
L 3.3122836 0.7613701 3.3122836 0.8145197 0 P 0
L 3.3122836 0.7613701 3.3831497 0.7613701 0 P 0
L 3.3122836 0.8145197 3.3831497 0.8145197 0 P 0
L 3.3122836 1.2434252 3.3122836 1.2965748 0 P 0
L 3.3122836 1.2434252 3.3831497 1.2434252 0 P 0
L 3.3122836 1.2965748 3.3831497 1.2965748 0 P 0
L 3.3122836 1.6884252 3.3122836 1.7415748 0 P 0
L 3.3122836 1.6884252 3.3831497 1.6884252 0 P 0
L 3.3122836 1.7415748 3.3831497 1.7415748 0 P 0
L 3.3605119 0.1041733 3.3605119 0.1258268 0 P 0
L 3.3605119 0.1041733 3.4018505 0.1041733 0 P 0
L 3.3605119 0.1258268 3.4018505 0.1258268 0 P 0
L 3.3605119 0.5471182 3.3605119 0.5687717 0 P 0
L 3.3605119 0.5471182 3.4018505 0.5471182 0 P 0
L 3.3605119 0.5687717 3.4018505 0.5687717 0 P 0
L 3.3605119 1.0341733 3.3605119 1.0558268 0 P 0
L 3.3605119 1.0341733 3.4018505 1.0341733 0 P 0
L 3.3605119 1.0558268 3.4018505 1.0558268 0 P 0
L 3.3605119 1.4991733 3.3605119 1.5208268 0 P 0
L 3.3605119 1.4991733 3.4018505 1.4991733 0 P 0
L 3.3605119 1.5208268 3.4018505 1.5208268 0 P 0
L 3.3831497 0.3034252 3.3831497 0.3565748 0 P 0
L 3.3831497 0.7613701 3.3831497 0.8145197 0 P 0
L 3.3831497 1.2434252 3.3831497 1.2965748 0 P 0
L 3.3831497 1.6884252 3.3831497 1.7415748 0 P 0
L 3.3890551 0.1770079 3.3890551 0.232126 0 P 0
L 3.3890551 0.6303858 3.3890551 0.6855039 0 P 0
L 3.3890551 1.1174409 3.3890551 1.172559 0 P 0
L 3.3890551 1.5774409 3.3890551 1.632559 0 P 0
L 3.4018505 0.1041733 3.4018505 0.1258268 0 P 0
L 3.4018505 0.5471182 3.4018505 0.5687717 0 P 0
L 3.4018505 1.0341733 3.4018505 1.0558268 0 P 0
L 3.4018505 1.4991733 3.4018505 1.5208268 0 P 0
L 3.4141732 0.6093307 3.4141732 0.6506693 0 P 0
L 3.4141732 0.6093307 3.4358267 0.6093307 0 P 0
L 3.4141732 0.6506693 3.4358267 0.6506693 0 P 0
L 3.4191732 0.1593307 3.4191732 0.2006693 0 P 0
L 3.4191732 0.1593307 3.4408267 0.1593307 0 P 0
L 3.4191732 0.2006693 3.4408267 0.2006693 0 P 0
L 3.4191732 1.0920472 3.4191732 1.1333858 0 P 0
L 3.4191732 1.0920472 3.4408267 1.0920472 0 P 0
L 3.4191732 1.1333858 3.4408267 1.1333858 0 P 0
L 3.4191732 1.5543307 3.4191732 1.5956693 0 P 0
L 3.4191732 1.5543307 3.4408267 1.5543307 0 P 0
L 3.4191732 1.5956693 3.4408267 1.5956693 0 P 0
L 3.4358267 0.6093307 3.4358267 0.6506693 0 P 0
L 3.4408267 0.1593307 3.4408267 0.2006693 0 P 0
L 3.4408267 1.0920472 3.4408267 1.1333858 0 P 0
L 3.4408267 1.5543307 3.4408267 1.5956693 0 P 0
L 3.6366529 0.863372 3.6366529 0.957852 0 P 0
L 3.6366529 0.863372 3.6839529 0.863372 0 P 0
L 3.6366529 0.957852 3.6839529 0.957852 0 P 0
L 3.6494862 0.9899128 3.6494862 1.0312514 0 P 0
L 3.6494862 0.9899128 3.6711397 0.9899128 0 P 0
L 3.6494862 1.0312514 3.6711397 1.0312514 0 P 0
L 3.6711397 0.9899128 3.6711397 1.0312514 0 P 0
L 3.6839529 0.863372 3.6839529 0.957852 0 P 0
L 3.695356 0.86279 3.695356 0.95727 0 P 0
L 3.695356 0.86279 3.742656 0.86279 0 P 0
L 3.695356 0.95727 3.742656 0.95727 0 P 0
L 3.7094862 0.9899128 3.7094862 1.0312514 0 P 0
L 3.7094862 0.9899128 3.7311397 0.9899128 0 P 0
L 3.7094862 1.0312514 3.7311397 1.0312514 0 P 0
L 3.7114174 1.1170866 3.7114174 1.5029134 0 P 0
L 3.7114174 1.1170866 3.8885827 1.1170866 0 P 0
L 3.7114174 1.5029134 3.8885827 1.5029134 0 P 0
L 3.7311397 0.9899128 3.7311397 1.0312514 0 P 0
L 3.742656 0.86279 3.742656 0.95727 0 P 0
L 3.75634 0.86279 3.75634 0.95727 0 P 0
L 3.75634 0.86279 3.80364 0.86279 0 P 0
L 3.75634 0.95727 3.80364 0.95727 0 P 0
L 3.7694862 0.9899128 3.7694862 1.0312514 0 P 0
L 3.7694862 0.9899128 3.7911397 0.9899128 0 P 0
L 3.7694862 1.0312514 3.7911397 1.0312514 0 P 0
L 3.7911397 0.9899128 3.7911397 1.0312514 0 P 0
L 3.80364 0.86279 3.80364 0.95727 0 P 0
L 3.817324 0.86279 3.817324 0.95727 0 P 0
L 3.817324 0.86279 3.864624 0.86279 0 P 0
L 3.817324 0.95727 3.864624 0.95727 0 P 0
L 3.8344862 0.9899127 3.8344862 1.0312513 0 P 0
L 3.8344862 0.9899127 3.8561397 0.9899127 0 P 0
L 3.8344862 1.0312513 3.8561397 1.0312513 0 P 0
L 3.8561397 0.9899127 3.8561397 1.0312513 0 P 0
L 3.864624 0.86279 3.864624 0.95727 0 P 0
L 3.878308 0.86279 3.878308 0.95727 0 P 0
L 3.878308 0.86279 3.925608 0.86279 0 P 0
L 3.878308 0.95727 3.925608 0.95727 0 P 0
L 3.8885827 1.1170866 3.8885827 1.5029134 0 P 0
L 3.8944862 0.9899128 3.8944862 1.0312514 0 P 0
L 3.8944862 0.9899128 3.9161397 0.9899128 0 P 0
L 3.8944862 1.0312514 3.9161397 1.0312514 0 P 0
L 3.9161397 0.9899128 3.9161397 1.0312514 0 P 0
L 3.925608 0.86279 3.925608 0.95727 0 P 0
L 3.939292 0.86279 3.939292 0.95727 0 P 0
L 3.939292 0.86279 3.986592 0.86279 0 P 0
L 3.939292 0.95727 3.986592 0.95727 0 P 0
L 3.9544862 0.9899128 3.9544862 1.0312514 0 P 0
L 3.9544862 0.9899128 3.9761397 0.9899128 0 P 0
L 3.9544862 1.0312514 3.9761397 1.0312514 0 P 0
L 3.9761397 0.9899128 3.9761397 1.0312514 0 P 0
L 3.986592 0.86279 3.986592 0.95727 0 P 0
L 3.9883465 1.463189 3.9883465 1.486811 0 P 0
L 3.9883465 1.463189 4.0316536 1.463189 0 P 0
L 3.9883465 1.486811 4.0316536 1.486811 0 P 0
L 4.0316536 1.463189 4.0316536 1.486811 0 P 0
