#Layer_Color=32896
#
#Feature symbol names
#
$0 r0.9843

#
#Feature attribute names
#

#
#Layer features
#
L 1.9429134 0.191378 1.9429134 0.2425592 0 P 0
L 1.9429134 0.191378 2.0570866 0.191378 0 P 0
L 1.9429134 0.2425592 2.0570866 0.2425592 0 P 0
L 1.9434961 0.661378 1.9434961 0.7125592 0 P 0
L 1.9434961 0.661378 2.0576693 0.661378 0 P 0
L 1.9434961 0.7125592 2.0576693 0.7125592 0 P 0
L 1.9434961 1.106378 1.9434961 1.1575592 0 P 0
L 1.9434961 1.106378 2.0576693 1.106378 0 P 0
L 1.9434961 1.1575592 2.0576693 1.1575592 0 P 0
L 1.9534961 1.591378 1.9534961 1.6425592 0 P 0
L 1.9534961 1.591378 2.0676693 1.591378 0 P 0
L 1.9534961 1.6425592 2.0676693 1.6425592 0 P 0
L 1.953937 0.1697245 1.953937 0.1854725 0 P 0
L 1.953937 0.1697245 1.9712598 0.1697245 0 P 0
L 1.953937 0.1854725 1.9712598 0.1854725 0 P 0
L 1.9545197 0.6397245 1.9545197 0.6554725 0 P 0
L 1.9545197 0.6397245 1.9718425 0.6397245 0 P 0
L 1.9545197 0.6554725 1.9718425 0.6554725 0 P 0
L 1.9545197 1.0847245 1.9545197 1.1004725 0 P 0
L 1.9545197 1.0847245 1.9718425 1.0847245 0 P 0
L 1.9545197 1.1004725 1.9718425 1.1004725 0 P 0
L 1.9645197 1.5697245 1.9645197 1.5854725 0 P 0
L 1.9645197 1.5697245 1.9818425 1.5697245 0 P 0
L 1.9645197 1.5854725 1.9818425 1.5854725 0 P 0
L 1.9712598 0.1697245 1.9712598 0.1854725 0 P 0
L 1.9718425 0.6397245 1.9718425 0.6554725 0 P 0
L 1.9718425 1.0847245 1.9718425 1.1004725 0 P 0
L 1.9818425 1.5697245 1.9818425 1.5854725 0 P 0
L 1.9913386 0.2484647 1.9913386 0.2642127 0 P 0
L 1.9913386 0.2484647 2.0086614 0.2484647 0 P 0
L 1.9913386 0.2642127 2.0086614 0.2642127 0 P 0
L 1.9919213 0.7184647 1.9919213 0.7342127 0 P 0
L 1.9919213 0.7184647 2.0092441 0.7184647 0 P 0
L 1.9919213 0.7342127 2.0092441 0.7342127 0 P 0
L 1.9919213 1.1634647 1.9919213 1.1792127 0 P 0
L 1.9919213 1.1634647 2.0092441 1.1634647 0 P 0
L 1.9919213 1.1792127 2.0092441 1.1792127 0 P 0
L 2.0019213 1.6484647 2.0019213 1.6642127 0 P 0
L 2.0019213 1.6484647 2.0192441 1.6484647 0 P 0
L 2.0019213 1.6642127 2.0192441 1.6642127 0 P 0
L 2.0086614 0.2484647 2.0086614 0.2642127 0 P 0
L 2.0092441 0.7184647 2.0092441 0.7342127 0 P 0
L 2.0092441 1.1634647 2.0092441 1.1792127 0 P 0
L 2.0192441 1.6484647 2.0192441 1.6642127 0 P 0
L 2.0287402 0.1697245 2.0287402 0.1854725 0 P 0
L 2.0287402 0.1697245 2.046063 0.1697245 0 P 0
L 2.0287402 0.1854725 2.046063 0.1854725 0 P 0
L 2.0293229 0.6397245 2.0293229 0.6554725 0 P 0
L 2.0293229 0.6397245 2.0466457 0.6397245 0 P 0
L 2.0293229 0.6554725 2.0466457 0.6554725 0 P 0
L 2.0293229 1.0847245 2.0293229 1.1004725 0 P 0
L 2.0293229 1.0847245 2.0466457 1.0847245 0 P 0
L 2.0293229 1.1004725 2.0466457 1.1004725 0 P 0
L 2.0393229 1.5697245 2.0393229 1.5854725 0 P 0
L 2.0393229 1.5697245 2.0566457 1.5697245 0 P 0
L 2.0393229 1.5854725 2.0566457 1.5854725 0 P 0
L 2.046063 0.1697245 2.046063 0.1854725 0 P 0
L 2.0466457 0.6397245 2.0466457 0.6554725 0 P 0
L 2.0466457 1.0847245 2.0466457 1.1004725 0 P 0
L 2.0566457 1.5697245 2.0566457 1.5854725 0 P 0
L 2.0570866 0.191378 2.0570866 0.2425592 0 P 0
L 2.0576693 0.661378 2.0576693 0.7125592 0 P 0
L 2.0576693 1.106378 2.0576693 1.1575592 0 P 0
L 2.0676693 1.591378 2.0676693 1.6425592 0 P 0
L 2.3229134 0.181378 2.3229134 0.2325592 0 P 0
L 2.3229134 0.181378 2.4370866 0.181378 0 P 0
L 2.3229134 0.2325592 2.4370866 0.2325592 0 P 0
L 2.3284961 0.656378 2.3284961 0.7075592 0 P 0
L 2.3284961 0.656378 2.4426693 0.656378 0 P 0
L 2.3284961 0.7075592 2.4426693 0.7075592 0 P 0
L 2.3284961 1.121378 2.3284961 1.1725592 0 P 0
L 2.3284961 1.121378 2.4426693 1.121378 0 P 0
L 2.3284961 1.1725592 2.4426693 1.1725592 0 P 0
L 2.3284961 1.5777165 2.3284961 1.6288977 0 P 0
L 2.3284961 1.5777165 2.4426693 1.5777165 0 P 0
L 2.3284961 1.6288977 2.4426693 1.6288977 0 P 0
L 2.333937 0.1597245 2.333937 0.1754725 0 P 0
L 2.333937 0.1597245 2.3512598 0.1597245 0 P 0
L 2.333937 0.1754725 2.3512598 0.1754725 0 P 0
L 2.3395197 0.6347245 2.3395197 0.6504725 0 P 0
L 2.3395197 0.6347245 2.3568425 0.6347245 0 P 0
L 2.3395197 0.6504725 2.3568425 0.6504725 0 P 0
L 2.3395197 1.0997245 2.3395197 1.1154725 0 P 0
L 2.3395197 1.0997245 2.3568425 1.0997245 0 P 0
L 2.3395197 1.1154725 2.3568425 1.1154725 0 P 0
L 2.3395197 1.556063 2.3395197 1.571811 0 P 0
L 2.3395197 1.556063 2.3568425 1.556063 0 P 0
L 2.3395197 1.571811 2.3568425 1.571811 0 P 0
L 2.3512598 0.1597245 2.3512598 0.1754725 0 P 0
L 2.3568425 0.6347245 2.3568425 0.6504725 0 P 0
L 2.3568425 1.0997245 2.3568425 1.1154725 0 P 0
L 2.3568425 1.556063 2.3568425 1.571811 0 P 0
L 2.3713386 0.2384647 2.3713386 0.2542127 0 P 0
L 2.3713386 0.2384647 2.3886614 0.2384647 0 P 0
L 2.3713386 0.2542127 2.3886614 0.2542127 0 P 0
L 2.3769213 0.7134647 2.3769213 0.7292127 0 P 0
L 2.3769213 0.7134647 2.3942441 0.7134647 0 P 0
L 2.3769213 0.7292127 2.3942441 0.7292127 0 P 0
L 2.3769213 1.1784647 2.3769213 1.1942127 0 P 0
L 2.3769213 1.1784647 2.3942441 1.1784647 0 P 0
L 2.3769213 1.1942127 2.3942441 1.1942127 0 P 0
L 2.3769213 1.6348032 2.3769213 1.6505512 0 P 0
L 2.3769213 1.6348032 2.3942441 1.6348032 0 P 0
L 2.3769213 1.6505512 2.3942441 1.6505512 0 P 0
L 2.3886614 0.2384647 2.3886614 0.2542127 0 P 0
L 2.3942441 0.7134647 2.3942441 0.7292127 0 P 0
L 2.3942441 1.1784647 2.3942441 1.1942127 0 P 0
L 2.3942441 1.6348032 2.3942441 1.6505512 0 P 0
L 2.4087402 0.1597245 2.4087402 0.1754725 0 P 0
L 2.4087402 0.1597245 2.426063 0.1597245 0 P 0
L 2.4087402 0.1754725 2.426063 0.1754725 0 P 0
L 2.4143229 0.6347245 2.4143229 0.6504725 0 P 0
L 2.4143229 0.6347245 2.4316457 0.6347245 0 P 0
L 2.4143229 0.6504725 2.4316457 0.6504725 0 P 0
L 2.4143229 1.0997245 2.4143229 1.1154725 0 P 0
L 2.4143229 1.0997245 2.4316457 1.0997245 0 P 0
L 2.4143229 1.1154725 2.4316457 1.1154725 0 P 0
L 2.4143229 1.556063 2.4143229 1.571811 0 P 0
L 2.4143229 1.556063 2.4316457 1.556063 0 P 0
L 2.4143229 1.571811 2.4316457 1.571811 0 P 0
L 2.426063 0.1597245 2.426063 0.1754725 0 P 0
L 2.4316457 0.6347245 2.4316457 0.6504725 0 P 0
L 2.4316457 1.0997245 2.4316457 1.1154725 0 P 0
L 2.4316457 1.556063 2.4316457 1.571811 0 P 0
L 2.4370866 0.181378 2.4370866 0.2325592 0 P 0
L 2.4426693 0.656378 2.4426693 0.7075592 0 P 0
L 2.4426693 1.121378 2.4426693 1.1725592 0 P 0
L 2.4426693 1.5777165 2.4426693 1.6288977 0 P 0
L 2.7291259 0.6441211 2.7291259 0.6953023 0 P 0
L 2.7291259 0.6441211 2.8432991 0.6441211 0 P 0
L 2.7291259 0.6953023 2.8432991 0.6953023 0 P 0
L 2.7334961 1.126378 2.7334961 1.1775592 0 P 0
L 2.7334961 1.126378 2.8476693 1.126378 0 P 0
L 2.7334961 1.1775592 2.8476693 1.1775592 0 P 0
L 2.7334961 1.576378 2.7334961 1.6275592 0 P 0
L 2.7334961 1.576378 2.8476693 1.576378 0 P 0
L 2.7334961 1.6275592 2.8476693 1.6275592 0 P 0
L 2.7384961 0.171378 2.7384961 0.2225592 0 P 0
L 2.7384961 0.171378 2.8526693 0.171378 0 P 0
L 2.7384961 0.2225592 2.8526693 0.2225592 0 P 0
L 2.7401495 0.6224676 2.7401495 0.6382156 0 P 0
L 2.7401495 0.6224676 2.7574723 0.6224676 0 P 0
L 2.7401495 0.6382156 2.7574723 0.6382156 0 P 0
L 2.7445197 1.1047245 2.7445197 1.1204725 0 P 0
L 2.7445197 1.1047245 2.7618425 1.1047245 0 P 0
L 2.7445197 1.1204725 2.7618425 1.1204725 0 P 0
L 2.7445197 1.5547245 2.7445197 1.5704725 0 P 0
L 2.7445197 1.5547245 2.7618425 1.5547245 0 P 0
L 2.7445197 1.5704725 2.7618425 1.5704725 0 P 0
L 2.7495197 0.1497245 2.7495197 0.1654725 0 P 0
L 2.7495197 0.1497245 2.7668425 0.1497245 0 P 0
L 2.7495197 0.1654725 2.7668425 0.1654725 0 P 0
L 2.7574723 0.6224676 2.7574723 0.6382156 0 P 0
L 2.7618425 1.1047245 2.7618425 1.1204725 0 P 0
L 2.7618425 1.5547245 2.7618425 1.5704725 0 P 0
L 2.7668425 0.1497245 2.7668425 0.1654725 0 P 0
L 2.7775511 0.7012078 2.7775511 0.7169558 0 P 0
L 2.7775511 0.7012078 2.7948739 0.7012078 0 P 0
L 2.7775511 0.7169558 2.7948739 0.7169558 0 P 0
L 2.7819213 1.1834647 2.7819213 1.1992127 0 P 0
L 2.7819213 1.1834647 2.7992441 1.1834647 0 P 0
L 2.7819213 1.1992127 2.7992441 1.1992127 0 P 0
L 2.7819213 1.6334647 2.7819213 1.6492127 0 P 0
L 2.7819213 1.6334647 2.7992441 1.6334647 0 P 0
L 2.7819213 1.6492127 2.7992441 1.6492127 0 P 0
L 2.7869213 0.2284647 2.7869213 0.2442127 0 P 0
L 2.7869213 0.2284647 2.8042441 0.2284647 0 P 0
L 2.7869213 0.2442127 2.8042441 0.2442127 0 P 0
L 2.7948739 0.7012078 2.7948739 0.7169558 0 P 0
L 2.7992441 1.1834647 2.7992441 1.1992127 0 P 0
L 2.7992441 1.6334647 2.7992441 1.6492127 0 P 0
L 2.8042441 0.2284647 2.8042441 0.2442127 0 P 0
L 2.8149527 0.6224676 2.8149527 0.6382156 0 P 0
L 2.8149527 0.6224676 2.8322755 0.6224676 0 P 0
L 2.8149527 0.6382156 2.8322755 0.6382156 0 P 0
L 2.8193229 1.1047245 2.8193229 1.1204725 0 P 0
L 2.8193229 1.1047245 2.8366457 1.1047245 0 P 0
L 2.8193229 1.1204725 2.8366457 1.1204725 0 P 0
L 2.8193229 1.5547245 2.8193229 1.5704725 0 P 0
L 2.8193229 1.5547245 2.8366457 1.5547245 0 P 0
L 2.8193229 1.5704725 2.8366457 1.5704725 0 P 0
L 2.8243229 0.1497245 2.8243229 0.1654725 0 P 0
L 2.8243229 0.1497245 2.8416457 0.1497245 0 P 0
L 2.8243229 0.1654725 2.8416457 0.1654725 0 P 0
L 2.8322755 0.6224676 2.8322755 0.6382156 0 P 0
L 2.8366457 1.1047245 2.8366457 1.1204725 0 P 0
L 2.8366457 1.5547245 2.8366457 1.5704725 0 P 0
L 2.8416457 0.1497245 2.8416457 0.1654725 0 P 0
L 2.8432991 0.6441211 2.8432991 0.6953023 0 P 0
L 2.8476693 1.126378 2.8476693 1.1775592 0 P 0
L 2.8476693 1.576378 2.8476693 1.6275592 0 P 0
L 2.8526693 0.171378 2.8526693 0.2225592 0 P 0
L 3.1234961 0.186378 3.1234961 0.2375592 0 P 0
L 3.1234961 0.186378 3.2376693 0.186378 0 P 0
L 3.1234961 0.2375592 3.2376693 0.2375592 0 P 0
L 3.1241259 0.6393229 3.1241259 0.6905041 0 P 0
L 3.1241259 0.6393229 3.2382991 0.6393229 0 P 0
L 3.1241259 0.6905041 3.2382991 0.6905041 0 P 0
L 3.1284961 1.121378 3.1284961 1.1725592 0 P 0
L 3.1284961 1.121378 3.2426693 1.121378 0 P 0
L 3.1284961 1.1725592 3.2426693 1.1725592 0 P 0
L 3.1284961 1.581378 3.1284961 1.6325592 0 P 0
L 3.1284961 1.581378 3.2426693 1.581378 0 P 0
L 3.1284961 1.6325592 3.2426693 1.6325592 0 P 0
L 3.1345197 0.1647245 3.1345197 0.1804725 0 P 0
L 3.1345197 0.1647245 3.1518425 0.1647245 0 P 0
L 3.1345197 0.1804725 3.1518425 0.1804725 0 P 0
L 3.1351495 0.6176694 3.1351495 0.6334174 0 P 0
L 3.1351495 0.6176694 3.1524723 0.6176694 0 P 0
L 3.1351495 0.6334174 3.1524723 0.6334174 0 P 0
L 3.1395197 1.0997245 3.1395197 1.1154725 0 P 0
L 3.1395197 1.0997245 3.1568425 1.0997245 0 P 0
L 3.1395197 1.1154725 3.1568425 1.1154725 0 P 0
L 3.1395197 1.5597245 3.1395197 1.5754725 0 P 0
L 3.1395197 1.5597245 3.1568425 1.5597245 0 P 0
L 3.1395197 1.5754725 3.1568425 1.5754725 0 P 0
L 3.1518425 0.1647245 3.1518425 0.1804725 0 P 0
L 3.1524723 0.6176694 3.1524723 0.6334174 0 P 0
L 3.1568425 1.0997245 3.1568425 1.1154725 0 P 0
L 3.1568425 1.5597245 3.1568425 1.5754725 0 P 0
L 3.1719213 0.2434647 3.1719213 0.2592127 0 P 0
L 3.1719213 0.2434647 3.1892441 0.2434647 0 P 0
L 3.1719213 0.2592127 3.1892441 0.2592127 0 P 0
L 3.1725511 0.6964096 3.1725511 0.7121576 0 P 0
L 3.1725511 0.6964096 3.1898739 0.6964096 0 P 0
L 3.1725511 0.7121576 3.1898739 0.7121576 0 P 0
L 3.1769213 1.1784647 3.1769213 1.1942127 0 P 0
L 3.1769213 1.1784647 3.1942441 1.1784647 0 P 0
L 3.1769213 1.1942127 3.1942441 1.1942127 0 P 0
L 3.1769213 1.6384647 3.1769213 1.6542127 0 P 0
L 3.1769213 1.6384647 3.1942441 1.6384647 0 P 0
L 3.1769213 1.6542127 3.1942441 1.6542127 0 P 0
L 3.1892441 0.2434647 3.1892441 0.2592127 0 P 0
L 3.1898739 0.6964096 3.1898739 0.7121576 0 P 0
L 3.1942441 1.1784647 3.1942441 1.1942127 0 P 0
L 3.1942441 1.6384647 3.1942441 1.6542127 0 P 0
L 3.2093229 0.1647245 3.2093229 0.1804725 0 P 0
L 3.2093229 0.1647245 3.2266457 0.1647245 0 P 0
L 3.2093229 0.1804725 3.2266457 0.1804725 0 P 0
L 3.2099527 0.6176694 3.2099527 0.6334174 0 P 0
L 3.2099527 0.6176694 3.2272755 0.6176694 0 P 0
L 3.2099527 0.6334174 3.2272755 0.6334174 0 P 0
L 3.2143229 1.0997245 3.2143229 1.1154725 0 P 0
L 3.2143229 1.0997245 3.2316457 1.0997245 0 P 0
L 3.2143229 1.1154725 3.2316457 1.1154725 0 P 0
L 3.2143229 1.5597245 3.2143229 1.5754725 0 P 0
L 3.2143229 1.5597245 3.2316457 1.5597245 0 P 0
L 3.2143229 1.5754725 3.2316457 1.5754725 0 P 0
L 3.2266457 0.1647245 3.2266457 0.1804725 0 P 0
L 3.2272755 0.6176694 3.2272755 0.6334174 0 P 0
L 3.2316457 1.0997245 3.2316457 1.1154725 0 P 0
L 3.2316457 1.5597245 3.2316457 1.5754725 0 P 0
L 3.2376693 0.186378 3.2376693 0.2375592 0 P 0
L 3.2382991 0.6393229 3.2382991 0.6905041 0 P 0
L 3.2426693 1.121378 3.2426693 1.1725592 0 P 0
L 3.2426693 1.581378 3.2426693 1.6325592 0 P 0
