#Layer_Color=9474304
#
#Feature symbol names
#
$0 r6.6666
$1 r5

#
#Feature attribute names
#

#
#Layer features
#
A 0.175 1.775 0.175 1.775 0.155 1.775 0 P 0 N
A 0.18 0.17 0.18 0.17 0.16 0.17 0 P 0 N
A 3.95 0.165 3.95 0.165 3.93 0.165 0 P 0 N
A 3.95 1.775 3.95 1.775 3.93 1.775 0 P 0 N
L 0.025 0.955 0.025 0.975 1 P 0
L 0.025 0.955 0.035 0.955 1 P 0
L 0.025 0.975 0.035 0.975 1 P 0
L 0.035 0.945 0.035 0.955 1 P 0
L 0.035 0.945 0.055 0.945 1 P 0
L 0.035 0.975 0.035 0.985 1 P 0
L 0.035 0.985 0.055 0.985 1 P 0
L 0.045 1.015 0.045 1.035 1 P 0
L 0.045 1.015 0.055 1.015 1 P 0
L 0.045 1.035 0.055 1.035 1 P 0
L 0.055 0.945 0.055 0.955 1 P 0
L 0.055 0.955 0.065 0.955 1 P 0
L 0.055 0.975 0.055 0.985 1 P 0
L 0.055 0.975 0.065 0.975 1 P 0
L 0.055 1.005 0.055 1.015 1 P 0
L 0.055 1.005 0.075 1.005 1 P 0
L 0.055 1.035 0.055 1.045 1 P 0
L 0.055 1.045 0.075 1.045 1 P 0
L 0.065 0.955 0.065 0.975 1 P 0
L 0.075 0.57 0.085 0.57 1 P 0
L 0.075 0.57 0.085 0.58 1 P 0
L 0.075 0.59 0.085 0.58 1 P 0
L 0.075 0.59 0.085 0.59 1 P 0
L 0.075 1.005 0.075 1.015 1 P 0
L 0.075 1.015 0.085 1.015 1 P 0
L 0.075 1.035 0.075 1.045 1 P 0
L 0.075 1.035 0.085 1.035 1 P 0
L 0.08 1.185 0.08 1.205 1 P 0
L 0.08 1.185 0.09 1.185 1 P 0
L 0.08 1.205 0.09 1.205 1 P 0
L 0.085 0.57 0.095 0.56 1 P 0
L 0.085 0.59 0.095 0.6 1 P 0
L 0.085 1.015 0.085 1.035 1 P 0
L 0.09 1.175 0.09 1.185 1 P 0
L 0.09 1.175 0.11 1.175 1 P 0
L 0.09 1.205 0.09 1.215 1 P 0
L 0.09 1.215 0.11 1.215 1 P 0
L 0.095 0.56 0.105 0.57 1 P 0
L 0.095 0.6 0.105 0.59 1 P 0
L 0.105 0.57 0.115 0.57 1 P 0
L 0.105 0.58 0.115 0.57 1 P 0
L 0.105 0.58 0.115 0.59 1 P 0
L 0.105 0.59 0.115 0.59 1 P 0
L 0.11 1.175 0.11 1.185 1 P 0
L 0.11 1.185 0.12 1.185 1 P 0
L 0.11 1.205 0.11 1.215 1 P 0
L 0.11 1.205 0.12 1.205 1 P 0
L 0.1127165 0.89 0.1127165 0.91 1 P 0
L 0.1127165 0.89 0.1227165 0.89 1 P 0
L 0.1127165 0.91 0.1227165 0.91 1 P 0
L 0.12 1.185 0.12 1.205 1 P 0
L 0.1227165 0.88 0.1227165 0.89 1 P 0
L 0.1227165 0.88 0.1427165 0.88 1 P 0
L 0.1227165 0.91 0.1227165 0.92 1 P 0
L 0.1227165 0.92 0.1427165 0.92 1 P 0
L 0.13 1.18 0.13 1.2 1 P 0
L 0.13 1.18 0.14 1.18 1 P 0
L 0.13 1.2 0.14 1.2 1 P 0
L 0.135 1.155 0.135 1.175 1 P 0
L 0.135 1.155 0.145 1.155 1 P 0
L 0.135 1.175 0.145 1.175 1 P 0
L 0.14 1.17 0.14 1.18 1 P 0
L 0.14 1.17 0.16 1.17 1 P 0
L 0.14 1.2 0.14 1.21 1 P 0
L 0.14 1.21 0.16 1.21 1 P 0
L 0.1427165 0.88 0.1427165 0.89 1 P 0
L 0.1427165 0.89 0.1527165 0.89 1 P 0
L 0.1427165 0.91 0.1427165 0.92 1 P 0
L 0.1427165 0.91 0.1527165 0.91 1 P 0
L 0.145 1.145 0.145 1.155 1 P 0
L 0.145 1.145 0.165 1.145 1 P 0
L 0.145 1.175 0.145 1.185 1 P 0
L 0.145 1.185 0.165 1.185 1 P 0
L 0.1527165 0.89 0.1527165 0.91 1 P 0
L 0.16 1.17 0.16 1.18 1 P 0
L 0.16 1.18 0.17 1.18 1 P 0
L 0.16 1.2 0.16 1.21 1 P 0
L 0.16 1.2 0.17 1.2 1 P 0
L 0.165 1.145 0.165 1.155 1 P 0
L 0.165 1.155 0.175 1.155 1 P 0
L 0.165 1.175 0.165 1.185 1 P 0
L 0.165 1.175 0.175 1.175 1 P 0
L 0.17 1.18 0.17 1.2 1 P 0
L 0.17 1.38 0.17 1.4 1 P 0
L 0.17 1.38 0.18 1.38 1 P 0
L 0.17 1.4 0.18 1.4 1 P 0
L 0.175 1.155 0.175 1.175 1 P 0
L 0.18 1.37 0.18 1.38 1 P 0
L 0.18 1.37 0.2 1.37 1 P 0
L 0.18 1.4 0.18 1.41 1 P 0
L 0.18 1.41 0.2 1.41 1 P 0
L 0.185 1.11 0.185 1.13 1 P 0
L 0.185 1.11 0.195 1.11 1 P 0
L 0.185 1.13 0.195 1.13 1 P 0
L 0.19 1.03 0.19 1.05 1 P 0
L 0.19 1.03 0.2 1.03 1 P 0
L 0.19 1.05 0.2 1.05 1 P 0
L 0.19 1.49 0.19 1.51 1 P 0
L 0.19 1.49 0.2 1.49 1 P 0
L 0.19 1.51 0.2 1.51 1 P 0
L 0.195 1.1 0.195 1.11 1 P 0
L 0.195 1.1 0.215 1.1 1 P 0
L 0.195 1.13 0.195 1.14 1 P 0
L 0.195 1.14 0.215 1.14 1 P 0
L 0.1970473 0.3849606 0.2070473 0.3849606 1 P 0
L 0.1970473 0.3849606 0.2070473 0.3949606 1 P 0
L 0.1970473 0.4049606 0.2070473 0.3949606 1 P 0
L 0.1970473 0.4049606 0.2070473 0.4049606 1 P 0
L 0.2 1.02 0.2 1.03 1 P 0
L 0.2 1.02 0.22 1.02 1 P 0
L 0.2 1.05 0.2 1.06 1 P 0
L 0.2 1.06 0.22 1.06 1 P 0
L 0.2 1.37 0.2 1.38 1 P 0
L 0.2 1.38 0.21 1.38 1 P 0
L 0.2 1.4 0.2 1.41 1 P 0
L 0.2 1.4 0.21 1.4 1 P 0
L 0.2 1.48 0.2 1.49 1 P 0
L 0.2 1.48 0.22 1.48 1 P 0
L 0.2 1.51 0.2 1.52 1 P 0
L 0.2 1.52 0.22 1.52 1 P 0
L 0.2070473 0.3849606 0.2170473 0.3749606 1 P 0
L 0.2070473 0.4049606 0.2170473 0.4149606 1 P 0
L 0.21 1.38 0.21 1.4 1 P 0
L 0.215 1.1 0.215 1.11 1 P 0
L 0.215 1.11 0.225 1.11 1 P 0
L 0.215 1.13 0.215 1.14 1 P 0
L 0.215 1.13 0.225 1.13 1 P 0
L 0.2170473 0.3749606 0.2270473 0.3849606 1 P 0
L 0.2170473 0.4149606 0.2270473 0.4049606 1 P 0
L 0.22 1.02 0.22 1.03 1 P 0
L 0.22 1.03 0.23 1.03 1 P 0
L 0.22 1.05 0.22 1.06 1 P 0
L 0.22 1.05 0.23 1.05 1 P 0
L 0.22 1.38 0.22 1.4 1 P 0
L 0.22 1.38 0.23 1.38 1 P 0
L 0.22 1.4 0.23 1.4 1 P 0
L 0.22 1.48 0.22 1.49 1 P 0
L 0.22 1.49 0.23 1.49 1 P 0
L 0.22 1.51 0.22 1.52 1 P 0
L 0.22 1.51 0.23 1.51 1 P 0
L 0.225 1.11 0.225 1.13 1 P 0
L 0.2270473 0.3849606 0.2370473 0.3849606 1 P 0
L 0.2270473 0.3949606 0.2370473 0.3849606 1 P 0
L 0.2270473 0.3949606 0.2370473 0.4049606 1 P 0
L 0.2270473 0.4049606 0.2370473 0.4049606 1 P 0
L 0.23 0.76 0.23 0.78 1 P 0
L 0.23 0.76 0.24 0.76 1 P 0
L 0.23 0.78 0.24 0.78 1 P 0
L 0.23 1.03 0.23 1.05 1 P 0
L 0.23 1.37 0.23 1.38 1 P 0
L 0.23 1.37 0.25 1.37 1 P 0
L 0.23 1.4 0.23 1.41 1 P 0
L 0.23 1.41 0.25 1.41 1 P 0
L 0.23 1.49 0.23 1.51 1 P 0
L 0.24 0.75 0.24 0.76 1 P 0
L 0.24 0.75 0.26 0.75 1 P 0
L 0.24 0.78 0.24 0.79 1 P 0
L 0.24 0.79 0.26 0.79 1 P 0
L 0.25 1.37 0.25 1.38 1 P 0
L 0.25 1.38 0.26 1.38 1 P 0
L 0.25 1.4 0.25 1.41 1 P 0
L 0.25 1.4 0.26 1.4 1 P 0
L 0.26 0.75 0.26 0.76 1 P 0
L 0.26 0.76 0.27 0.76 1 P 0
L 0.26 0.78 0.26 0.79 1 P 0
L 0.26 0.78 0.27 0.78 1 P 0
L 0.26 1.38 0.26 1.4 1 P 0
L 0.27 0.76 0.27 0.78 1 P 0
L 0.27 1.38 0.27 1.4 1 P 0
L 0.27 1.38 0.28 1.38 1 P 0
L 0.27 1.4 0.28 1.4 1 P 0
L 0.28 1.37 0.28 1.38 1 P 0
L 0.28 1.37 0.3 1.37 1 P 0
L 0.28 1.4 0.28 1.41 1 P 0
L 0.28 1.41 0.3 1.41 1 P 0
L 0.28 1.495 0.28 1.515 1 P 0
L 0.28 1.495 0.29 1.495 1 P 0
L 0.28 1.515 0.29 1.515 1 P 0
L 0.29 1.485 0.29 1.495 1 P 0
L 0.29 1.485 0.31 1.485 1 P 0
L 0.29 1.515 0.29 1.525 1 P 0
L 0.29 1.525 0.31 1.525 1 P 0
L 0.3 1.37 0.3 1.38 1 P 0
L 0.3 1.38 0.31 1.38 1 P 0
L 0.3 1.4 0.3 1.41 1 P 0
L 0.3 1.4 0.31 1.4 1 P 0
L 0.3072835 0.56 0.3172835 0.58 1 P 0
L 0.3072835 0.56 0.3272835 0.57 1 P 0
L 0.3072835 0.6 0.3172835 0.58 1 P 0
L 0.3072835 0.6 0.3272835 0.59 1 P 0
L 0.31 1.38 0.31 1.4 1 P 0
L 0.31 1.485 0.31 1.495 1 P 0
L 0.31 1.495 0.32 1.495 1 P 0
L 0.31 1.515 0.31 1.525 1 P 0
L 0.31 1.515 0.32 1.515 1 P 0
L 0.31 1.88 0.31 1.9 1 P 0
L 0.31 1.88 0.32 1.88 1 P 0
L 0.31 1.9 0.32 1.9 1 P 0
L 0.32 1.38 0.32 1.4 1 P 0
L 0.32 1.38 0.33 1.38 1 P 0
L 0.32 1.4 0.33 1.4 1 P 0
L 0.32 1.495 0.32 1.515 1 P 0
L 0.32 1.87 0.32 1.88 1 P 0
L 0.32 1.87 0.34 1.87 1 P 0
L 0.32 1.9 0.32 1.91 1 P 0
L 0.32 1.91 0.34 1.91 1 P 0
L 0.3272835 0.57 0.3472835 0.56 1 P 0
L 0.3272835 0.59 0.3472835 0.6 1 P 0
L 0.33 1.37 0.33 1.38 1 P 0
L 0.33 1.37 0.35 1.37 1 P 0
L 0.33 1.4 0.33 1.41 1 P 0
L 0.33 1.41 0.35 1.41 1 P 0
L 0.335 0.035 0.335 0.055 1 P 0
L 0.335 0.035 0.345 0.035 1 P 0
L 0.335 0.055 0.345 0.055 1 P 0
L 0.3372835 0.58 0.3472835 0.56 1 P 0
L 0.3372835 0.58 0.3472835 0.6 1 P 0
L 0.34 1.87 0.34 1.88 1 P 0
L 0.34 1.88 0.35 1.88 1 P 0
L 0.34 1.9 0.34 1.91 1 P 0
L 0.34 1.9 0.35 1.9 1 P 0
L 0.345 0.025 0.345 0.035 1 P 0
L 0.345 0.025 0.365 0.025 1 P 0
L 0.345 0.055 0.345 0.065 1 P 0
L 0.345 0.065 0.365 0.065 1 P 0
L 0.35 1.37 0.35 1.38 1 P 0
L 0.35 1.38 0.36 1.38 1 P 0
L 0.35 1.4 0.35 1.41 1 P 0
L 0.35 1.4 0.36 1.4 1 P 0
L 0.35 1.88 0.35 1.9 1 P 0
L 0.355 1.03 0.355 1.05 1 P 0
L 0.355 1.03 0.365 1.03 1 P 0
L 0.355 1.05 0.365 1.05 1 P 0
L 0.36 1.38 0.36 1.4 1 P 0
L 0.365 0.025 0.365 0.035 1 P 0
L 0.365 0.035 0.375 0.035 1 P 0
L 0.365 0.055 0.365 0.065 1 P 0
L 0.365 0.055 0.375 0.055 1 P 0
L 0.365 1.02 0.365 1.03 1 P 0
L 0.365 1.02 0.385 1.02 1 P 0
L 0.365 1.05 0.365 1.06 1 P 0
L 0.365 1.06 0.385 1.06 1 P 0
L 0.365 1.495 0.365 1.515 1 P 0
L 0.365 1.495 0.375 1.495 1 P 0
L 0.365 1.515 0.375 1.515 1 P 0
L 0.37 1.38 0.37 1.4 1 P 0
L 0.37 1.38 0.38 1.38 1 P 0
L 0.37 1.4 0.38 1.4 1 P 0
L 0.375 0.035 0.375 0.055 1 P 0
L 0.375 1.485 0.375 1.495 1 P 0
L 0.375 1.485 0.395 1.485 1 P 0
L 0.375 1.515 0.375 1.525 1 P 0
L 0.375 1.525 0.395 1.525 1 P 0
L 0.38 1.37 0.38 1.38 1 P 0
L 0.38 1.37 0.4 1.37 1 P 0
L 0.38 1.4 0.38 1.41 1 P 0
L 0.38 1.41 0.4 1.41 1 P 0
L 0.385 1.02 0.385 1.03 1 P 0
L 0.385 1.03 0.395 1.03 1 P 0
L 0.385 1.05 0.385 1.06 1 P 0
L 0.385 1.05 0.395 1.05 1 P 0
L 0.395 1.03 0.395 1.05 1 P 0
L 0.395 1.03 0.395 1.05 1 P 0
L 0.395 1.03 0.405 1.03 1 P 0
L 0.395 1.05 0.405 1.05 1 P 0
L 0.395 1.485 0.395 1.495 1 P 0
L 0.395 1.495 0.405 1.495 1 P 0
L 0.395 1.515 0.395 1.525 1 P 0
L 0.395 1.515 0.405 1.515 1 P 0
L 0.4 1.37 0.4 1.38 1 P 0
L 0.4 1.38 0.41 1.38 1 P 0
L 0.4 1.4 0.4 1.41 1 P 0
L 0.4 1.4 0.41 1.4 1 P 0
L 0.405 1.02 0.405 1.03 1 P 0
L 0.405 1.02 0.425 1.02 1 P 0
L 0.405 1.05 0.405 1.06 1 P 0
L 0.405 1.06 0.425 1.06 1 P 0
L 0.405 1.495 0.405 1.515 1 P 0
L 0.41 1.38 0.41 1.4 1 P 0
L 0.425 1.02 0.425 1.03 1 P 0
L 0.425 1.03 0.435 1.03 1 P 0
L 0.425 1.05 0.425 1.06 1 P 0
L 0.425 1.05 0.435 1.05 1 P 0
L 0.435 1.03 0.435 1.05 1 P 0
L 0.435 1.03 0.435 1.05 1 P 0
L 0.435 1.03 0.445 1.03 1 P 0
L 0.435 1.05 0.445 1.05 1 P 0
L 0.445 1.02 0.445 1.03 1 P 0
L 0.445 1.02 0.465 1.02 1 P 0
L 0.445 1.05 0.445 1.06 1 P 0
L 0.445 1.06 0.465 1.06 1 P 0
L 0.465 1.02 0.465 1.03 1 P 0
L 0.465 1.03 0.475 1.03 1 P 0
L 0.465 1.05 0.465 1.06 1 P 0
L 0.465 1.05 0.475 1.05 1 P 0
L 0.475 1.03 0.475 1.05 1 P 0
L 0.585 1.885 0.585 1.905 1 P 0
L 0.585 1.885 0.595 1.885 1 P 0
L 0.585 1.905 0.595 1.905 1 P 0
L 0.595 0.95 0.595 0.97 1 P 0
L 0.595 0.95 0.605 0.95 1 P 0
L 0.595 0.97 0.605 0.97 1 P 0
L 0.595 0.985 0.595 1.005 1 P 0
L 0.595 0.985 0.605 0.985 1 P 0
L 0.595 1.005 0.605 1.005 1 P 0
L 0.595 1.025 0.595 1.045 1 P 0
L 0.595 1.025 0.605 1.025 1 P 0
L 0.595 1.045 0.605 1.045 1 P 0
L 0.595 1.055 0.595 1.075 1 P 0
L 0.595 1.055 0.605 1.055 1 P 0
L 0.595 1.075 0.605 1.075 1 P 0
L 0.595 1.875 0.595 1.885 1 P 0
L 0.595 1.875 0.615 1.875 1 P 0
L 0.595 1.905 0.595 1.915 1 P 0
L 0.595 1.915 0.615 1.915 1 P 0
L 0.605 0.94 0.605 0.95 1 P 0
L 0.605 0.94 0.625 0.94 1 P 0
L 0.605 0.97 0.605 0.98 1 P 0
L 0.605 0.975 0.605 0.985 1 P 0
L 0.605 0.975 0.625 0.975 1 P 0
L 0.605 0.98 0.625 0.98 1 P 0
L 0.605 1.005 0.605 1.015 1 P 0
L 0.605 1.015 0.605 1.025 1 P 0
L 0.605 1.015 0.625 1.015 1 P 0
L 0.605 1.015 0.625 1.015 1 P 0
L 0.605 1.045 0.605 1.055 1 P 0
L 0.605 1.045 0.605 1.055 1 P 0
L 0.605 1.045 0.625 1.045 1 P 0
L 0.605 1.055 0.625 1.055 1 P 0
L 0.605 1.075 0.605 1.085 1 P 0
L 0.605 1.085 0.625 1.085 1 P 0
L 0.61 0.035 0.61 0.055 1 P 0
L 0.61 0.035 0.62 0.035 1 P 0
L 0.61 0.055 0.62 0.055 1 P 0
L 0.615 1.875 0.615 1.885 1 P 0
L 0.615 1.885 0.625 1.885 1 P 0
L 0.615 1.905 0.615 1.915 1 P 0
L 0.615 1.905 0.625 1.905 1 P 0
L 0.62 0.025 0.62 0.035 1 P 0
L 0.62 0.025 0.64 0.025 1 P 0
L 0.62 0.055 0.62 0.065 1 P 0
L 0.62 0.065 0.64 0.065 1 P 0
L 0.625 0.94 0.625 0.95 1 P 0
L 0.625 0.95 0.635 0.95 1 P 0
L 0.625 0.97 0.625 0.98 1 P 0
L 0.625 0.97 0.635 0.97 1 P 0
L 0.625 0.975 0.625 0.985 1 P 0
L 0.625 0.985 0.635 0.985 1 P 0
L 0.625 1.005 0.625 1.015 1 P 0
L 0.625 1.005 0.635 1.005 1 P 0
L 0.625 1.015 0.625 1.025 1 P 0
L 0.625 1.025 0.635 1.025 1 P 0
L 0.625 1.045 0.625 1.055 1 P 0
L 0.625 1.045 0.625 1.055 1 P 0
L 0.625 1.045 0.635 1.045 1 P 0
L 0.625 1.055 0.635 1.055 1 P 0
L 0.625 1.075 0.625 1.085 1 P 0
L 0.625 1.075 0.635 1.075 1 P 0
L 0.625 1.885 0.625 1.905 1 P 0
L 0.635 0.95 0.635 0.97 1 P 0
L 0.635 0.985 0.635 1.005 1 P 0
L 0.635 1.025 0.635 1.045 1 P 0
L 0.635 1.055 0.635 1.075 1 P 0
L 0.64 0.025 0.64 0.035 1 P 0
L 0.64 0.035 0.65 0.035 1 P 0
L 0.64 0.055 0.64 0.065 1 P 0
L 0.64 0.055 0.65 0.055 1 P 0
L 0.65 0.035 0.65 0.055 1 P 0
L 0.755 0.885 0.755 0.925 1 P 0
L 0.755 0.885 0.795 0.885 1 P 0
L 0.755 0.925 0.795 0.925 1 P 0
L 0.755 0.985 0.755 1.025 1 P 0
L 0.755 0.985 0.795 0.985 1 P 0
L 0.755 1.025 0.795 1.025 1 P 0
L 0.755 1.085 0.755 1.125 1 P 0
L 0.755 1.085 0.795 1.085 1 P 0
L 0.755 1.125 0.795 1.125 1 P 0
L 0.755 1.185 0.755 1.225 1 P 0
L 0.755 1.185 0.795 1.185 1 P 0
L 0.755 1.225 0.795 1.225 1 P 0
L 0.755 1.285 0.755 1.325 1 P 0
L 0.755 1.285 0.795 1.285 1 P 0
L 0.755 1.325 0.795 1.325 1 P 0
L 0.755 1.385 0.755 1.425 1 P 0
L 0.755 1.385 0.795 1.385 1 P 0
L 0.755 1.425 0.795 1.425 1 P 0
L 0.755 1.485 0.755 1.525 1 P 0
L 0.755 1.485 0.795 1.485 1 P 0
L 0.755 1.525 0.795 1.525 1 P 0
L 0.755 1.585 0.755 1.625 1 P 0
L 0.755 1.585 0.795 1.585 1 P 0
L 0.755 1.625 0.795 1.625 1 P 0
L 0.795 0.885 0.795 0.925 1 P 0
L 0.795 0.985 0.795 1.025 1 P 0
L 0.795 1.085 0.795 1.125 1 P 0
L 0.795 1.185 0.795 1.225 1 P 0
L 0.795 1.285 0.795 1.325 1 P 0
L 0.795 1.385 0.795 1.425 1 P 0
L 0.795 1.485 0.795 1.525 1 P 0
L 0.795 1.585 0.795 1.625 1 P 0
L 0.86 1.885 0.86 1.905 1 P 0
L 0.86 1.885 0.87 1.885 1 P 0
L 0.86 1.905 0.87 1.905 1 P 0
L 0.87 1.875 0.87 1.885 1 P 0
L 0.87 1.875 0.89 1.875 1 P 0
L 0.87 1.905 0.87 1.915 1 P 0
L 0.87 1.915 0.89 1.915 1 P 0
L 0.885 0.035 0.885 0.055 1 P 0
L 0.885 0.035 0.895 0.035 1 P 0
L 0.885 0.055 0.895 0.055 1 P 0
L 0.89 1.875 0.89 1.885 1 P 0
L 0.89 1.885 0.9 1.885 1 P 0
L 0.89 1.905 0.89 1.915 1 P 0
L 0.89 1.905 0.9 1.905 1 P 0
L 0.895 0.025 0.895 0.035 1 P 0
L 0.895 0.025 0.915 0.025 1 P 0
L 0.895 0.055 0.895 0.065 1 P 0
L 0.895 0.065 0.915 0.065 1 P 0
L 0.9 1.885 0.9 1.905 1 P 0
L 0.91 1.5 0.91 1.52 1 P 0
L 0.91 1.5 0.92 1.5 1 P 0
L 0.91 1.52 0.92 1.52 1 P 0
L 0.915 0.025 0.915 0.035 1 P 0
L 0.915 0.035 0.925 0.035 1 P 0
L 0.915 0.055 0.915 0.065 1 P 0
L 0.915 0.055 0.925 0.055 1 P 0
L 0.92 1.49 0.92 1.5 1 P 0
L 0.92 1.49 0.94 1.49 1 P 0
L 0.92 1.52 0.92 1.53 1 P 0
L 0.92 1.53 0.94 1.53 1 P 0
L 0.925 0.035 0.925 0.055 1 P 0
L 0.94 1.49 0.94 1.5 1 P 0
L 0.94 1.5 0.95 1.5 1 P 0
L 0.94 1.52 0.94 1.53 1 P 0
L 0.94 1.52 0.95 1.52 1 P 0
L 0.95 1.5 0.95 1.52 1 P 0
L 1.135 1.88 1.135 1.9 1 P 0
L 1.135 1.88 1.145 1.88 1 P 0
L 1.135 1.9 1.145 1.9 1 P 0
L 1.145 1.87 1.145 1.88 1 P 0
L 1.145 1.87 1.165 1.87 1 P 0
L 1.145 1.9 1.145 1.91 1 P 0
L 1.145 1.91 1.165 1.91 1 P 0
L 1.15 1.64 1.15 1.66 1 P 0
L 1.15 1.64 1.16 1.64 1 P 0
L 1.15 1.66 1.16 1.66 1 P 0
L 1.16 0.035 1.16 0.055 1 P 0
L 1.16 0.035 1.17 0.035 1 P 0
L 1.16 0.055 1.17 0.055 1 P 0
L 1.16 0.28 1.16 0.3 1 P 0
L 1.16 0.28 1.17 0.28 1 P 0
L 1.16 0.3 1.17 0.3 1 P 0
L 1.16 0.555 1.16 0.575 1 P 0
L 1.16 0.555 1.17 0.555 1 P 0
L 1.16 0.575 1.17 0.575 1 P 0
L 1.16 0.83 1.16 0.85 1 P 0
L 1.16 0.83 1.17 0.83 1 P 0
L 1.16 0.85 1.17 0.85 1 P 0
L 1.16 1.105 1.16 1.125 1 P 0
L 1.16 1.105 1.17 1.105 1 P 0
L 1.16 1.125 1.17 1.125 1 P 0
L 1.16 1.375 1.16 1.395 1 P 0
L 1.16 1.375 1.17 1.375 1 P 0
L 1.16 1.395 1.17 1.395 1 P 0
L 1.16 1.63 1.16 1.64 1 P 0
L 1.16 1.63 1.18 1.63 1 P 0
L 1.16 1.66 1.16 1.67 1 P 0
L 1.16 1.67 1.18 1.67 1 P 0
L 1.165 1.87 1.165 1.88 1 P 0
L 1.165 1.88 1.175 1.88 1 P 0
L 1.165 1.9 1.165 1.91 1 P 0
L 1.165 1.9 1.175 1.9 1 P 0
L 1.17 0.025 1.17 0.035 1 P 0
L 1.17 0.025 1.19 0.025 1 P 0
L 1.17 0.055 1.17 0.065 1 P 0
L 1.17 0.065 1.19 0.065 1 P 0
L 1.17 0.27 1.17 0.28 1 P 0
L 1.17 0.27 1.19 0.27 1 P 0
L 1.17 0.3 1.17 0.31 1 P 0
L 1.17 0.31 1.19 0.31 1 P 0
L 1.17 0.545 1.17 0.555 1 P 0
L 1.17 0.545 1.19 0.545 1 P 0
L 1.17 0.575 1.17 0.585 1 P 0
L 1.17 0.585 1.19 0.585 1 P 0
L 1.17 0.82 1.17 0.83 1 P 0
L 1.17 0.82 1.19 0.82 1 P 0
L 1.17 0.85 1.17 0.86 1 P 0
L 1.17 0.86 1.19 0.86 1 P 0
L 1.17 1.095 1.17 1.105 1 P 0
L 1.17 1.095 1.19 1.095 1 P 0
L 1.17 1.125 1.17 1.135 1 P 0
L 1.17 1.135 1.19 1.135 1 P 0
L 1.17 1.365 1.17 1.375 1 P 0
L 1.17 1.365 1.19 1.365 1 P 0
L 1.17 1.395 1.17 1.405 1 P 0
L 1.17 1.405 1.19 1.405 1 P 0
L 1.175 1.88 1.175 1.9 1 P 0
L 1.18 1.63 1.18 1.64 1 P 0
L 1.18 1.64 1.19 1.64 1 P 0
L 1.18 1.66 1.18 1.67 1 P 0
L 1.18 1.66 1.19 1.66 1 P 0
L 1.19 0.025 1.19 0.035 1 P 0
L 1.19 0.035 1.2 0.035 1 P 0
L 1.19 0.055 1.19 0.065 1 P 0
L 1.19 0.055 1.2 0.055 1 P 0
L 1.19 0.27 1.19 0.28 1 P 0
L 1.19 0.28 1.2 0.28 1 P 0
L 1.19 0.3 1.19 0.31 1 P 0
L 1.19 0.3 1.2 0.3 1 P 0
L 1.19 0.545 1.19 0.555 1 P 0
L 1.19 0.555 1.2 0.555 1 P 0
L 1.19 0.575 1.19 0.585 1 P 0
L 1.19 0.575 1.2 0.575 1 P 0
L 1.19 0.82 1.19 0.83 1 P 0
L 1.19 0.83 1.2 0.83 1 P 0
L 1.19 0.85 1.19 0.86 1 P 0
L 1.19 0.85 1.2 0.85 1 P 0
L 1.19 1.095 1.19 1.105 1 P 0
L 1.19 1.105 1.2 1.105 1 P 0
L 1.19 1.125 1.19 1.135 1 P 0
L 1.19 1.125 1.2 1.125 1 P 0
L 1.19 1.365 1.19 1.375 1 P 0
L 1.19 1.375 1.2 1.375 1 P 0
L 1.19 1.395 1.19 1.405 1 P 0
L 1.19 1.395 1.2 1.395 1 P 0
L 1.19 1.64 1.19 1.66 1 P 0
L 1.2 0.035 1.2 0.055 1 P 0
L 1.2 0.28 1.2 0.3 1 P 0
L 1.2 0.555 1.2 0.575 1 P 0
L 1.2 0.83 1.2 0.85 1 P 0
L 1.2 1.105 1.2 1.125 1 P 0
L 1.2 1.375 1.2 1.395 1 P 0
L 1.36 1.875 1.36 1.895 1 P 0
L 1.36 1.875 1.37 1.875 1 P 0
L 1.36 1.895 1.37 1.895 1 P 0
L 1.37 1.865 1.37 1.875 1 P 0
L 1.37 1.865 1.39 1.865 1 P 0
L 1.37 1.895 1.37 1.905 1 P 0
L 1.37 1.905 1.39 1.905 1 P 0
L 1.39 1.865 1.39 1.875 1 P 0
L 1.39 1.875 1.4 1.875 1 P 0
L 1.39 1.895 1.39 1.905 1 P 0
L 1.39 1.895 1.4 1.895 1 P 0
L 1.4 1.875 1.4 1.895 1 P 0
L 1.43 0.035 1.43 0.055 1 P 0
L 1.43 0.035 1.44 0.035 1 P 0
L 1.43 0.055 1.44 0.055 1 P 0
L 1.44 0.025 1.44 0.035 1 P 0
L 1.44 0.025 1.46 0.025 1 P 0
L 1.44 0.055 1.44 0.065 1 P 0
L 1.44 0.065 1.46 0.065 1 P 0
L 1.44 1.3 1.44 1.32 1 P 0
L 1.44 1.3 1.45 1.3 1 P 0
L 1.44 1.32 1.45 1.32 1 P 0
L 1.445 1.385 1.445 1.405 1 P 0
L 1.445 1.385 1.455 1.385 1 P 0
L 1.445 1.405 1.455 1.405 1 P 0
L 1.45 1.29 1.45 1.3 1 P 0
L 1.45 1.29 1.47 1.29 1 P 0
L 1.45 1.32 1.45 1.33 1 P 0
L 1.45 1.33 1.47 1.33 1 P 0
L 1.455 1.375 1.455 1.385 1 P 0
L 1.455 1.375 1.475 1.375 1 P 0
L 1.455 1.405 1.455 1.415 1 P 0
L 1.455 1.415 1.475 1.415 1 P 0
L 1.46 0.025 1.46 0.035 1 P 0
L 1.46 0.035 1.47 0.035 1 P 0
L 1.46 0.055 1.46 0.065 1 P 0
L 1.46 0.055 1.47 0.055 1 P 0
L 1.47 0.035 1.47 0.055 1 P 0
L 1.47 1.29 1.47 1.3 1 P 0
L 1.47 1.3 1.48 1.3 1 P 0
L 1.47 1.32 1.47 1.33 1 P 0
L 1.47 1.32 1.48 1.32 1 P 0
L 1.475 1.375 1.475 1.385 1 P 0
L 1.475 1.385 1.485 1.385 1 P 0
L 1.475 1.405 1.475 1.415 1 P 0
L 1.475 1.405 1.485 1.405 1 P 0
L 1.48 1.3 1.48 1.32 1 P 0
L 1.485 1.385 1.485 1.405 1 P 0
L 1.635 1.88 1.635 1.9 1 P 0
L 1.635 1.88 1.645 1.88 1 P 0
L 1.635 1.9 1.645 1.9 1 P 0
L 1.645 1.87 1.645 1.88 1 P 0
L 1.645 1.87 1.665 1.87 1 P 0
L 1.645 1.9 1.645 1.91 1 P 0
L 1.645 1.91 1.665 1.91 1 P 0
L 1.655 0.885 1.655 0.925 1 P 0
L 1.655 0.885 1.695 0.885 1 P 0
L 1.655 0.925 1.695 0.925 1 P 0
L 1.655 0.985 1.655 1.025 1 P 0
L 1.655 0.985 1.695 0.985 1 P 0
L 1.655 1.025 1.695 1.025 1 P 0
L 1.655 1.085 1.655 1.125 1 P 0
L 1.655 1.085 1.695 1.085 1 P 0
L 1.655 1.125 1.695 1.125 1 P 0
L 1.655 1.185 1.655 1.225 1 P 0
L 1.655 1.185 1.695 1.185 1 P 0
L 1.655 1.225 1.695 1.225 1 P 0
L 1.655 1.285 1.655 1.325 1 P 0
L 1.655 1.285 1.695 1.285 1 P 0
L 1.655 1.325 1.695 1.325 1 P 0
L 1.655 1.385 1.655 1.425 1 P 0
L 1.655 1.385 1.695 1.385 1 P 0
L 1.655 1.425 1.695 1.425 1 P 0
L 1.655 1.485 1.655 1.525 1 P 0
L 1.655 1.485 1.695 1.485 1 P 0
L 1.655 1.525 1.695 1.525 1 P 0
L 1.655 1.585 1.655 1.625 1 P 0
L 1.655 1.585 1.695 1.585 1 P 0
L 1.655 1.625 1.695 1.625 1 P 0
L 1.665 1.87 1.665 1.88 1 P 0
L 1.665 1.88 1.675 1.88 1 P 0
L 1.665 1.9 1.665 1.91 1 P 0
L 1.665 1.9 1.675 1.9 1 P 0
L 1.675 1.88 1.675 1.9 1 P 0
L 1.695 0.885 1.695 0.925 1 P 0
L 1.695 0.985 1.695 1.025 1 P 0
L 1.695 1.085 1.695 1.125 1 P 0
L 1.695 1.185 1.695 1.225 1 P 0
L 1.695 1.285 1.695 1.325 1 P 0
L 1.695 1.385 1.695 1.425 1 P 0
L 1.695 1.485 1.695 1.525 1 P 0
L 1.695 1.585 1.695 1.625 1 P 0
L 1.705 0.035 1.705 0.055 1 P 0
L 1.705 0.035 1.715 0.035 1 P 0
L 1.705 0.055 1.715 0.055 1 P 0
L 1.715 0.025 1.715 0.035 1 P 0
L 1.715 0.025 1.735 0.025 1 P 0
L 1.715 0.055 1.715 0.065 1 P 0
L 1.715 0.065 1.735 0.065 1 P 0
L 1.735 0.025 1.735 0.035 1 P 0
L 1.735 0.035 1.745 0.035 1 P 0
L 1.735 0.055 1.735 0.065 1 P 0
L 1.735 0.055 1.745 0.055 1 P 0
L 1.745 0.035 1.745 0.055 1 P 0
L 1.95 1.43 1.95 1.45 1 P 0
L 1.95 1.43 1.96 1.43 1 P 0
L 1.95 1.45 1.96 1.45 1 P 0
L 1.95 1.875 1.95 1.895 1 P 0
L 1.95 1.875 1.96 1.875 1 P 0
L 1.95 1.895 1.96 1.895 1 P 0
L 1.96 1.42 1.96 1.43 1 P 0
L 1.96 1.42 1.98 1.42 1 P 0
L 1.96 1.45 1.96 1.46 1 P 0
L 1.96 1.46 1.98 1.46 1 P 0
L 1.96 1.865 1.96 1.875 1 P 0
L 1.96 1.865 1.98 1.865 1 P 0
L 1.96 1.895 1.96 1.905 1 P 0
L 1.96 1.905 1.98 1.905 1 P 0
L 1.98 0.035 1.98 0.055 1 P 0
L 1.98 0.035 1.99 0.035 1 P 0
L 1.98 0.055 1.99 0.055 1 P 0
L 1.98 1.42 1.98 1.43 1 P 0
L 1.98 1.43 1.99 1.43 1 P 0
L 1.98 1.45 1.98 1.46 1 P 0
L 1.98 1.45 1.99 1.45 1 P 0
L 1.98 1.865 1.98 1.875 1 P 0
L 1.98 1.875 1.99 1.875 1 P 0
L 1.98 1.895 1.98 1.905 1 P 0
L 1.98 1.895 1.99 1.895 1 P 0
L 1.99 0.025 1.99 0.035 1 P 0
L 1.99 0.025 2.01 0.025 1 P 0
L 1.99 0.055 1.99 0.065 1 P 0
L 1.99 0.065 2.01 0.065 1 P 0
L 1.99 1.43 1.99 1.45 1 P 0
L 1.99 1.875 1.99 1.895 1 P 0
L 2.01 0.025 2.01 0.035 1 P 0
L 2.01 0.035 2.02 0.035 1 P 0
L 2.01 0.055 2.01 0.065 1 P 0
L 2.01 0.055 2.02 0.055 1 P 0
L 2.02 0.035 2.02 0.055 1 P 0
L 2.045 1.08 2.045 1.1 1 P 0
L 2.045 1.08 2.055 1.08 1 P 0
L 2.045 1.1 2.055 1.1 1 P 0
L 2.045 1.635 2.045 1.655 1 P 0
L 2.045 1.635 2.055 1.635 1 P 0
L 2.045 1.655 2.055 1.655 1 P 0
L 2.05 0.16 2.05 0.18 1 P 0
L 2.05 0.16 2.06 0.16 1 P 0
L 2.05 0.18 2.06 0.18 1 P 0
L 2.05 0.635 2.05 0.655 1 P 0
L 2.05 0.635 2.06 0.635 1 P 0
L 2.05 0.655 2.06 0.655 1 P 0
L 2.0517718 0.445 2.0717718 0.405 1 P 0
L 2.0517718 0.445 2.0917718 0.445 1 P 0
L 2.0517718 0.9120551 2.0717718 0.8720551 1 P 0
L 2.0517718 0.9120551 2.0917718 0.9120551 1 P 0
L 2.0517718 1.4070551 2.0717718 1.3670551 1 P 0
L 2.0517718 1.4070551 2.0917718 1.4070551 1 P 0
L 2.0517718 1.85 2.0717718 1.81 1 P 0
L 2.0517718 1.85 2.0917718 1.85 1 P 0
L 2.055 1.07 2.055 1.08 1 P 0
L 2.055 1.07 2.075 1.07 1 P 0
L 2.055 1.1 2.055 1.11 1 P 0
L 2.055 1.11 2.075 1.11 1 P 0
L 2.055 1.625 2.055 1.635 1 P 0
L 2.055 1.625 2.075 1.625 1 P 0
L 2.055 1.655 2.055 1.665 1 P 0
L 2.055 1.665 2.075 1.665 1 P 0
L 2.06 0.15 2.06 0.16 1 P 0
L 2.06 0.15 2.08 0.15 1 P 0
L 2.06 0.18 2.06 0.19 1 P 0
L 2.06 0.19 2.08 0.19 1 P 0
L 2.06 0.625 2.06 0.635 1 P 0
L 2.06 0.625 2.08 0.625 1 P 0
L 2.06 0.655 2.06 0.665 1 P 0
L 2.06 0.665 2.08 0.665 1 P 0
L 2.065 1.56 2.065 1.58 1 P 0
L 2.065 1.56 2.075 1.56 1 P 0
L 2.065 1.58 2.075 1.58 1 P 0
L 2.0717718 0.405 2.0917718 0.445 1 P 0
L 2.0717718 0.8720551 2.0917718 0.9120551 1 P 0
L 2.0717718 1.3670551 2.0917718 1.4070551 1 P 0
L 2.0717718 1.81 2.0917718 1.85 1 P 0
L 2.075 1.07 2.075 1.08 1 P 0
L 2.075 1.08 2.085 1.08 1 P 0
L 2.075 1.1 2.075 1.11 1 P 0
L 2.075 1.1 2.085 1.1 1 P 0
L 2.075 1.55 2.075 1.56 1 P 0
L 2.075 1.55 2.095 1.55 1 P 0
L 2.075 1.58 2.075 1.59 1 P 0
L 2.075 1.59 2.095 1.59 1 P 0
L 2.075 1.625 2.075 1.635 1 P 0
L 2.075 1.635 2.085 1.635 1 P 0
L 2.075 1.655 2.075 1.665 1 P 0
L 2.075 1.655 2.085 1.655 1 P 0
L 2.08 0.15 2.08 0.16 1 P 0
L 2.08 0.16 2.09 0.16 1 P 0
L 2.08 0.18 2.08 0.19 1 P 0
L 2.08 0.18 2.09 0.18 1 P 0
L 2.08 0.625 2.08 0.635 1 P 0
L 2.08 0.635 2.09 0.635 1 P 0
L 2.08 0.655 2.08 0.665 1 P 0
L 2.08 0.655 2.09 0.655 1 P 0
L 2.085 1.08 2.085 1.1 1 P 0
L 2.085 1.635 2.085 1.655 1 P 0
L 2.09 0.16 2.09 0.18 1 P 0
L 2.09 0.635 2.09 0.655 1 P 0
L 2.095 1.55 2.095 1.56 1 P 0
L 2.095 1.56 2.105 1.56 1 P 0
L 2.095 1.58 2.095 1.59 1 P 0
L 2.095 1.58 2.105 1.58 1 P 0
L 2.105 1.56 2.105 1.58 1 P 0
L 2.1517718 0.445 2.1717718 0.405 1 P 0
L 2.1517718 0.445 2.1917718 0.445 1 P 0
L 2.1517718 0.9120551 2.1717718 0.8720551 1 P 0
L 2.1517718 0.9120551 2.1917718 0.9120551 1 P 0
L 2.1517718 1.4070551 2.1717718 1.3670551 1 P 0
L 2.1517718 1.4070551 2.1917718 1.4070551 1 P 0
L 2.1517718 1.85 2.1717718 1.81 1 P 0
L 2.1517718 1.85 2.1917718 1.85 1 P 0
L 2.1717718 0.405 2.1917718 0.445 1 P 0
L 2.1717718 0.8720551 2.1917718 0.9120551 1 P 0
L 2.1717718 1.3670551 2.1917718 1.4070551 1 P 0
L 2.1717718 1.81 2.1917718 1.85 1 P 0
L 2.2 1.025 2.2 1.045 1 P 0
L 2.2 1.025 2.21 1.025 1 P 0
L 2.2 1.045 2.21 1.045 1 P 0
L 2.21 1.015 2.21 1.025 1 P 0
L 2.21 1.015 2.23 1.015 1 P 0
L 2.21 1.045 2.21 1.055 1 P 0
L 2.21 1.055 2.23 1.055 1 P 0
L 2.22 1.72 2.22 1.74 1 P 0
L 2.22 1.72 2.23 1.72 1 P 0
L 2.22 1.74 2.23 1.74 1 P 0
L 2.225 0.105 2.225 0.125 1 P 0
L 2.225 0.105 2.235 0.105 1 P 0
L 2.225 0.125 2.235 0.125 1 P 0
L 2.23 0.5861417 2.23 0.6061417 1 P 0
L 2.23 0.5861417 2.24 0.5861417 1 P 0
L 2.23 0.6061417 2.24 0.6061417 1 P 0
L 2.23 1.015 2.23 1.025 1 P 0
L 2.23 1.025 2.24 1.025 1 P 0
L 2.23 1.045 2.23 1.055 1 P 0
L 2.23 1.045 2.24 1.045 1 P 0
L 2.23 1.71 2.23 1.72 1 P 0
L 2.23 1.71 2.25 1.71 1 P 0
L 2.23 1.74 2.23 1.75 1 P 0
L 2.23 1.75 2.25 1.75 1 P 0
L 2.235 0.095 2.235 0.105 1 P 0
L 2.235 0.095 2.255 0.095 1 P 0
L 2.235 0.125 2.235 0.135 1 P 0
L 2.235 0.135 2.255 0.135 1 P 0
L 2.24 0.5761417 2.24 0.5861417 1 P 0
L 2.24 0.5761417 2.26 0.5761417 1 P 0
L 2.24 0.6061417 2.24 0.6161417 1 P 0
L 2.24 0.6161417 2.26 0.6161417 1 P 0
L 2.24 1.025 2.24 1.045 1 P 0
L 2.245 1.1338583 2.245 1.1538583 1 P 0
L 2.245 1.1338583 2.255 1.1338583 1 P 0
L 2.245 1.1538583 2.255 1.1538583 1 P 0
L 2.245 1.51 2.245 1.53 1 P 0
L 2.245 1.51 2.255 1.51 1 P 0
L 2.245 1.53 2.255 1.53 1 P 0
L 2.25 1.71 2.25 1.72 1 P 0
L 2.25 1.72 2.26 1.72 1 P 0
L 2.25 1.74 2.25 1.75 1 P 0
L 2.25 1.74 2.26 1.74 1 P 0
L 2.255 0.095 2.255 0.105 1 P 0
L 2.255 0.105 2.265 0.105 1 P 0
L 2.255 0.125 2.255 0.135 1 P 0
L 2.255 0.125 2.265 0.125 1 P 0
L 2.255 1.1238583 2.255 1.1338583 1 P 0
L 2.255 1.1238583 2.275 1.1238583 1 P 0
L 2.255 1.1538583 2.255 1.1638583 1 P 0
L 2.255 1.1638583 2.275 1.1638583 1 P 0
L 2.255 1.5 2.255 1.51 1 P 0
L 2.255 1.5 2.275 1.5 1 P 0
L 2.255 1.53 2.255 1.54 1 P 0
L 2.255 1.54 2.275 1.54 1 P 0
L 2.255 1.6 2.255 1.62 1 P 0
L 2.255 1.6 2.265 1.6 1 P 0
L 2.255 1.62 2.265 1.62 1 P 0
L 2.26 0.5761417 2.26 0.5861417 1 P 0
L 2.26 0.5861417 2.27 0.5861417 1 P 0
L 2.26 0.6061417 2.26 0.6161417 1 P 0
L 2.26 0.6061417 2.27 0.6061417 1 P 0
L 2.26 1.72 2.26 1.74 1 P 0
L 2.265 0.105 2.265 0.125 1 P 0
L 2.265 1.59 2.265 1.6 1 P 0
L 2.265 1.59 2.285 1.59 1 P 0
L 2.265 1.62 2.265 1.63 1 P 0
L 2.265 1.63 2.285 1.63 1 P 0
L 2.27 0.5861417 2.27 0.6061417 1 P 0
L 2.275 1.1238583 2.275 1.1338583 1 P 0
L 2.275 1.1338583 2.285 1.1338583 1 P 0
L 2.275 1.1538583 2.275 1.1638583 1 P 0
L 2.275 1.1538583 2.285 1.1538583 1 P 0
L 2.275 1.5 2.275 1.51 1 P 0
L 2.275 1.51 2.285 1.51 1 P 0
L 2.275 1.53 2.275 1.54 1 P 0
L 2.275 1.53 2.285 1.53 1 P 0
L 2.285 1.1338583 2.285 1.1538583 1 P 0
L 2.285 1.51 2.285 1.53 1 P 0
L 2.285 1.59 2.285 1.6 1 P 0
L 2.285 1.6 2.295 1.6 1 P 0
L 2.285 1.62 2.285 1.63 1 P 0
L 2.285 1.62 2.295 1.62 1 P 0
L 2.295 1.6 2.295 1.62 1 P 0
L 2.335 1.875 2.335 1.895 1 P 0
L 2.335 1.875 2.345 1.875 1 P 0
L 2.335 1.895 2.345 1.895 1 P 0
L 2.345 1.865 2.345 1.875 1 P 0
L 2.345 1.865 2.365 1.865 1 P 0
L 2.345 1.895 2.345 1.905 1 P 0
L 2.345 1.905 2.365 1.905 1 P 0
L 2.365 1.865 2.365 1.875 1 P 0
L 2.365 1.875 2.375 1.875 1 P 0
L 2.365 1.895 2.365 1.905 1 P 0
L 2.365 1.895 2.375 1.895 1 P 0
L 2.375 1.875 2.375 1.895 1 P 0
L 2.43 0.155 2.43 0.175 1 P 0
L 2.43 0.155 2.44 0.155 1 P 0
L 2.43 0.175 2.44 0.175 1 P 0
L 2.43 1.095 2.43 1.115 1 P 0
L 2.43 1.095 2.44 1.095 1 P 0
L 2.43 1.115 2.44 1.115 1 P 0
L 2.4317718 0.44 2.4517718 0.4 1 P 0
L 2.4317718 0.44 2.4717718 0.44 1 P 0
L 2.4317718 0.9120551 2.4517718 0.8720551 1 P 0
L 2.4317718 0.9120551 2.4717718 0.9120551 1 P 0
L 2.4317718 1.4070551 2.4517718 1.3670551 1 P 0
L 2.4317718 1.4070551 2.4717718 1.4070551 1 P 0
L 2.4317718 1.85 2.4517718 1.81 1 P 0
L 2.4317718 1.85 2.4717718 1.85 1 P 0
L 2.435 0.625 2.435 0.645 1 P 0
L 2.435 0.625 2.445 0.625 1 P 0
L 2.435 0.645 2.445 0.645 1 P 0
L 2.435 1.55 2.435 1.57 1 P 0
L 2.435 1.55 2.445 1.55 1 P 0
L 2.435 1.57 2.445 1.57 1 P 0
L 2.435 1.63 2.435 1.65 1 P 0
L 2.435 1.63 2.445 1.63 1 P 0
L 2.435 1.65 2.445 1.65 1 P 0
L 2.44 0.145 2.44 0.155 1 P 0
L 2.44 0.145 2.46 0.145 1 P 0
L 2.44 0.175 2.44 0.185 1 P 0
L 2.44 0.185 2.46 0.185 1 P 0
L 2.44 1.085 2.44 1.095 1 P 0
L 2.44 1.085 2.46 1.085 1 P 0
L 2.44 1.115 2.44 1.125 1 P 0
L 2.44 1.125 2.46 1.125 1 P 0
L 2.445 0.615 2.445 0.625 1 P 0
L 2.445 0.615 2.465 0.615 1 P 0
L 2.445 0.645 2.445 0.655 1 P 0
L 2.445 0.655 2.465 0.655 1 P 0
L 2.445 1.54 2.445 1.55 1 P 0
L 2.445 1.54 2.465 1.54 1 P 0
L 2.445 1.57 2.445 1.58 1 P 0
L 2.445 1.58 2.465 1.58 1 P 0
L 2.445 1.62 2.445 1.63 1 P 0
L 2.445 1.62 2.465 1.62 1 P 0
L 2.445 1.65 2.445 1.66 1 P 0
L 2.445 1.66 2.465 1.66 1 P 0
L 2.4517718 0.4 2.4717718 0.44 1 P 0
L 2.4517718 0.8720551 2.4717718 0.9120551 1 P 0
L 2.4517718 1.3670551 2.4717718 1.4070551 1 P 0
L 2.4517718 1.81 2.4717718 1.85 1 P 0
L 2.46 0.145 2.46 0.155 1 P 0
L 2.46 0.155 2.47 0.155 1 P 0
L 2.46 0.175 2.46 0.185 1 P 0
L 2.46 0.175 2.47 0.175 1 P 0
L 2.46 1.085 2.46 1.095 1 P 0
L 2.46 1.095 2.47 1.095 1 P 0
L 2.46 1.115 2.46 1.125 1 P 0
L 2.46 1.115 2.47 1.115 1 P 0
L 2.465 0.615 2.465 0.625 1 P 0
L 2.465 0.625 2.475 0.625 1 P 0
L 2.465 0.645 2.465 0.655 1 P 0
L 2.465 0.645 2.475 0.645 1 P 0
L 2.465 1.54 2.465 1.55 1 P 0
L 2.465 1.55 2.475 1.55 1 P 0
L 2.465 1.57 2.465 1.58 1 P 0
L 2.465 1.57 2.475 1.57 1 P 0
L 2.465 1.62 2.465 1.63 1 P 0
L 2.465 1.63 2.475 1.63 1 P 0
L 2.465 1.65 2.465 1.66 1 P 0
L 2.465 1.65 2.475 1.65 1 P 0
L 2.47 0.155 2.47 0.175 1 P 0
L 2.47 1.095 2.47 1.115 1 P 0
L 2.475 0.625 2.475 0.645 1 P 0
L 2.475 1.55 2.475 1.57 1 P 0
L 2.475 1.63 2.475 1.65 1 P 0
L 2.5317718 0.44 2.5517718 0.4 1 P 0
L 2.5317718 0.44 2.5717718 0.44 1 P 0
L 2.5317718 0.9120551 2.5517718 0.8720551 1 P 0
L 2.5317718 0.9120551 2.5717718 0.9120551 1 P 0
L 2.5317718 1.4070551 2.5517718 1.3670551 1 P 0
L 2.5317718 1.4070551 2.5717718 1.4070551 1 P 0
L 2.5317718 1.85 2.5517718 1.81 1 P 0
L 2.5317718 1.85 2.5717718 1.85 1 P 0
L 2.5517718 0.4 2.5717718 0.44 1 P 0
L 2.5517718 0.8720551 2.5717718 0.9120551 1 P 0
L 2.5517718 1.3670551 2.5717718 1.4070551 1 P 0
L 2.5517718 1.81 2.5717718 1.85 1 P 0
L 2.58 1.685 2.58 1.705 1 P 0
L 2.58 1.685 2.59 1.685 1 P 0
L 2.58 1.705 2.59 1.705 1 P 0
L 2.59 1.675 2.59 1.685 1 P 0
L 2.59 1.675 2.61 1.675 1 P 0
L 2.59 1.705 2.59 1.715 1 P 0
L 2.59 1.715 2.61 1.715 1 P 0
L 2.61 1.675 2.61 1.685 1 P 0
L 2.61 1.685 2.62 1.685 1 P 0
L 2.61 1.705 2.61 1.715 1 P 0
L 2.61 1.705 2.62 1.705 1 P 0
L 2.615 0.5861417 2.615 0.6061417 1 P 0
L 2.615 0.5861417 2.625 0.5861417 1 P 0
L 2.615 0.6061417 2.625 0.6061417 1 P 0
L 2.62 0.12 2.62 0.14 1 P 0
L 2.62 0.12 2.63 0.12 1 P 0
L 2.62 0.14 2.63 0.14 1 P 0
L 2.62 1.685 2.62 1.705 1 P 0
L 2.625 0.5761417 2.625 0.5861417 1 P 0
L 2.625 0.5761417 2.645 0.5761417 1 P 0
L 2.625 0.6061417 2.625 0.6161417 1 P 0
L 2.625 0.6161417 2.645 0.6161417 1 P 0
L 2.63 0.11 2.63 0.12 1 P 0
L 2.63 0.11 2.65 0.11 1 P 0
L 2.63 0.14 2.63 0.15 1 P 0
L 2.63 0.15 2.65 0.15 1 P 0
L 2.63 1.045 2.63 1.065 1 P 0
L 2.63 1.045 2.64 1.045 1 P 0
L 2.63 1.065 2.64 1.065 1 P 0
L 2.6322434 1.5988582 2.6322434 1.6188582 1 P 0
L 2.6322434 1.5988582 2.6422434 1.5988582 1 P 0
L 2.6322434 1.6188582 2.6422434 1.6188582 1 P 0
L 2.635 1.5111417 2.635 1.5311417 1 P 0
L 2.635 1.5111417 2.645 1.5111417 1 P 0
L 2.635 1.5311417 2.645 1.5311417 1 P 0
L 2.64 1.035 2.64 1.045 1 P 0
L 2.64 1.035 2.66 1.035 1 P 0
L 2.64 1.065 2.64 1.075 1 P 0
L 2.64 1.075 2.66 1.075 1 P 0
L 2.6422434 1.5888582 2.6422434 1.5988582 1 P 0
L 2.6422434 1.5888582 2.6622434 1.5888582 1 P 0
L 2.6422434 1.6188582 2.6422434 1.6288582 1 P 0
L 2.6422434 1.6288582 2.6622434 1.6288582 1 P 0
L 2.645 0.5761417 2.645 0.5861417 1 P 0
L 2.645 0.5861417 2.655 0.5861417 1 P 0
L 2.645 0.6061417 2.645 0.6161417 1 P 0
L 2.645 0.6061417 2.655 0.6061417 1 P 0
L 2.645 1.5011417 2.645 1.5111417 1 P 0
L 2.645 1.5011417 2.665 1.5011417 1 P 0
L 2.645 1.5311417 2.645 1.5411417 1 P 0
L 2.645 1.5411417 2.665 1.5411417 1 P 0
L 2.65 0.11 2.65 0.12 1 P 0
L 2.65 0.12 2.66 0.12 1 P 0
L 2.65 0.14 2.65 0.15 1 P 0
L 2.65 0.14 2.66 0.14 1 P 0
L 2.655 0.5861417 2.655 0.6061417 1 P 0
L 2.66 0.12 2.66 0.14 1 P 0
L 2.66 1.035 2.66 1.045 1 P 0
L 2.66 1.045 2.67 1.045 1 P 0
L 2.66 1.065 2.66 1.075 1 P 0
L 2.66 1.065 2.67 1.065 1 P 0
L 2.6622434 1.5888582 2.6622434 1.5988582 1 P 0
L 2.6622434 1.5988582 2.6722434 1.5988582 1 P 0
L 2.6622434 1.6188582 2.6622434 1.6288582 1 P 0
L 2.6622434 1.6188582 2.6722434 1.6188582 1 P 0
L 2.665 1.1338583 2.665 1.1538583 1 P 0
L 2.665 1.1338583 2.675 1.1338583 1 P 0
L 2.665 1.1538583 2.675 1.1538583 1 P 0
L 2.665 1.5011417 2.665 1.5111417 1 P 0
L 2.665 1.5111417 2.675 1.5111417 1 P 0
L 2.665 1.5311417 2.665 1.5411417 1 P 0
L 2.665 1.5311417 2.675 1.5311417 1 P 0
L 2.67 1.045 2.67 1.065 1 P 0
L 2.6722434 1.5988582 2.6722434 1.6188582 1 P 0
L 2.675 1.1238583 2.675 1.1338583 1 P 0
L 2.675 1.1238583 2.695 1.1238583 1 P 0
L 2.675 1.1538583 2.675 1.1638583 1 P 0
L 2.675 1.1638583 2.695 1.1638583 1 P 0
L 2.675 1.5111417 2.675 1.5311417 1 P 0
L 2.695 1.1238583 2.695 1.1338583 1 P 0
L 2.695 1.1338583 2.705 1.1338583 1 P 0
L 2.695 1.1538583 2.695 1.1638583 1 P 0
L 2.695 1.1538583 2.705 1.1538583 1 P 0
L 2.705 1.1338583 2.705 1.1538583 1 P 0
L 2.735 1.875 2.735 1.895 1 P 0
L 2.735 1.875 2.745 1.875 1 P 0
L 2.735 1.895 2.745 1.895 1 P 0
L 2.745 1.865 2.745 1.875 1 P 0
L 2.745 1.865 2.765 1.865 1 P 0
L 2.745 1.895 2.745 1.905 1 P 0
L 2.745 1.905 2.765 1.905 1 P 0
L 2.765 1.865 2.765 1.875 1 P 0
L 2.765 1.875 2.775 1.875 1 P 0
L 2.765 1.895 2.765 1.905 1 P 0
L 2.765 1.895 2.775 1.895 1 P 0
L 2.775 1.875 2.775 1.895 1 P 0
L 2.835 0.615 2.835 0.635 1 P 0
L 2.835 0.615 2.845 0.615 1 P 0
L 2.835 0.635 2.845 0.635 1 P 0
L 2.835 1.62 2.835 1.64 1 P 0
L 2.835 1.62 2.845 1.62 1 P 0
L 2.835 1.64 2.845 1.64 1 P 0
L 2.8367718 0.44 2.8567718 0.4 1 P 0
L 2.8367718 0.44 2.8767718 0.44 1 P 0
L 2.8367718 0.905 2.8567718 0.865 1 P 0
L 2.8367718 0.905 2.8767718 0.905 1 P 0
L 2.8367718 1.4020551 2.8567718 1.3620551 1 P 0
L 2.8367718 1.4020551 2.8767718 1.4020551 1 P 0
L 2.8367718 1.845 2.8567718 1.805 1 P 0
L 2.8367718 1.845 2.8767718 1.845 1 P 0
L 2.84 1.1 2.84 1.12 1 P 0
L 2.84 1.1 2.85 1.1 1 P 0
L 2.84 1.12 2.85 1.12 1 P 0
L 2.84 1.56 2.84 1.58 1 P 0
L 2.84 1.56 2.85 1.56 1 P 0
L 2.84 1.58 2.85 1.58 1 P 0
L 2.845 0.16 2.845 0.18 1 P 0
L 2.845 0.16 2.855 0.16 1 P 0
L 2.845 0.18 2.855 0.18 1 P 0
L 2.845 0.605 2.845 0.615 1 P 0
L 2.845 0.605 2.865 0.605 1 P 0
L 2.845 0.635 2.845 0.645 1 P 0
L 2.845 0.645 2.865 0.645 1 P 0
L 2.845 1.61 2.845 1.62 1 P 0
L 2.845 1.61 2.865 1.61 1 P 0
L 2.845 1.64 2.845 1.65 1 P 0
L 2.845 1.65 2.865 1.65 1 P 0
L 2.85 1.09 2.85 1.1 1 P 0
L 2.85 1.09 2.87 1.09 1 P 0
L 2.85 1.12 2.85 1.13 1 P 0
L 2.85 1.13 2.87 1.13 1 P 0
L 2.85 1.55 2.85 1.56 1 P 0
L 2.85 1.55 2.87 1.55 1 P 0
L 2.85 1.58 2.85 1.59 1 P 0
L 2.85 1.59 2.87 1.59 1 P 0
L 2.855 0.15 2.855 0.16 1 P 0
L 2.855 0.15 2.875 0.15 1 P 0
L 2.855 0.18 2.855 0.19 1 P 0
L 2.855 0.19 2.875 0.19 1 P 0
L 2.8567718 0.4 2.8767718 0.44 1 P 0
L 2.8567718 0.865 2.8767718 0.905 1 P 0
L 2.8567718 1.3620551 2.8767718 1.4020551 1 P 0
L 2.8567718 1.805 2.8767718 1.845 1 P 0
L 2.865 0.605 2.865 0.615 1 P 0
L 2.865 0.615 2.875 0.615 1 P 0
L 2.865 0.635 2.865 0.645 1 P 0
L 2.865 0.635 2.875 0.635 1 P 0
L 2.865 1.61 2.865 1.62 1 P 0
L 2.865 1.62 2.875 1.62 1 P 0
L 2.865 1.64 2.865 1.65 1 P 0
L 2.865 1.64 2.875 1.64 1 P 0
L 2.87 1.09 2.87 1.1 1 P 0
L 2.87 1.1 2.88 1.1 1 P 0
L 2.87 1.12 2.87 1.13 1 P 0
L 2.87 1.12 2.88 1.12 1 P 0
L 2.87 1.55 2.87 1.56 1 P 0
L 2.87 1.56 2.88 1.56 1 P 0
L 2.87 1.58 2.87 1.59 1 P 0
L 2.87 1.58 2.88 1.58 1 P 0
L 2.875 0.15 2.875 0.16 1 P 0
L 2.875 0.16 2.885 0.16 1 P 0
L 2.875 0.18 2.875 0.19 1 P 0
L 2.875 0.18 2.885 0.18 1 P 0
L 2.875 0.615 2.875 0.635 1 P 0
L 2.875 1.62 2.875 1.64 1 P 0
L 2.88 1.1 2.88 1.12 1 P 0
L 2.88 1.56 2.88 1.58 1 P 0
L 2.885 0.16 2.885 0.18 1 P 0
L 2.9367718 0.44 2.9567718 0.4 1 P 0
L 2.9367718 0.44 2.9767718 0.44 1 P 0
L 2.9367718 0.905 2.9567718 0.865 1 P 0
L 2.9367718 0.905 2.9767718 0.905 1 P 0
L 2.9367718 1.4020551 2.9567718 1.3620551 1 P 0
L 2.9367718 1.4020551 2.9767718 1.4020551 1 P 0
L 2.9367718 1.845 2.9567718 1.805 1 P 0
L 2.9367718 1.845 2.9767718 1.845 1 P 0
L 2.9567718 0.4 2.9767718 0.44 1 P 0
L 2.9567718 0.865 2.9767718 0.905 1 P 0
L 2.9567718 1.3620551 2.9767718 1.4020551 1 P 0
L 2.9567718 1.805 2.9767718 1.845 1 P 0
L 2.99 0.11 2.99 0.13 1 P 0
L 2.99 0.11 3 0.11 1 P 0
L 2.99 0.13 3 0.13 1 P 0
L 3 0.1 3 0.11 1 P 0
L 3 0.1 3.02 0.1 1 P 0
L 3 0.13 3 0.14 1 P 0
L 3 0.14 3.02 0.14 1 P 0
L 3 1.71 3 1.73 1 P 0
L 3 1.71 3.01 1.71 1 P 0
L 3 1.73 3.01 1.73 1 P 0
L 3.005 0.58 3.005 0.6 1 P 0
L 3.005 0.58 3.015 0.58 1 P 0
L 3.005 0.6 3.015 0.6 1 P 0
L 3.01 1.7 3.01 1.71 1 P 0
L 3.01 1.7 3.03 1.7 1 P 0
L 3.01 1.73 3.01 1.74 1 P 0
L 3.01 1.74 3.03 1.74 1 P 0
L 3.015 0.57 3.015 0.58 1 P 0
L 3.015 0.57 3.035 0.57 1 P 0
L 3.015 0.6 3.015 0.61 1 P 0
L 3.015 0.61 3.035 0.61 1 P 0
L 3.015 1.0511417 3.015 1.0711417 1 P 0
L 3.015 1.0511417 3.025 1.0511417 1 P 0
L 3.015 1.0711417 3.025 1.0711417 1 P 0
L 3.02 0.1 3.02 0.11 1 P 0
L 3.02 0.11 3.03 0.11 1 P 0
L 3.02 0.13 3.02 0.14 1 P 0
L 3.02 0.13 3.03 0.13 1 P 0
L 3.025 1.0411417 3.025 1.0511417 1 P 0
L 3.025 1.0411417 3.045 1.0411417 1 P 0
L 3.025 1.0711417 3.025 1.0811417 1 P 0
L 3.025 1.0811417 3.045 1.0811417 1 P 0
L 3.025 1.515 3.025 1.535 1 P 0
L 3.025 1.515 3.035 1.515 1 P 0
L 3.025 1.535 3.035 1.535 1 P 0
L 3.03 0.11 3.03 0.13 1 P 0
L 3.03 1.7 3.03 1.71 1 P 0
L 3.03 1.71 3.04 1.71 1 P 0
L 3.03 1.73 3.03 1.74 1 P 0
L 3.03 1.73 3.04 1.73 1 P 0
L 3.035 0.57 3.035 0.58 1 P 0
L 3.035 0.58 3.045 0.58 1 P 0
L 3.035 0.6 3.035 0.61 1 P 0
L 3.035 0.6 3.045 0.6 1 P 0
L 3.035 1.505 3.035 1.515 1 P 0
L 3.035 1.505 3.055 1.505 1 P 0
L 3.035 1.535 3.035 1.545 1 P 0
L 3.035 1.545 3.055 1.545 1 P 0
L 3.04 1.71 3.04 1.73 1 P 0
L 3.045 0.58 3.045 0.6 1 P 0
L 3.045 1.0411417 3.045 1.0511417 1 P 0
L 3.045 1.0511417 3.055 1.0511417 1 P 0
L 3.045 1.0711417 3.045 1.0811417 1 P 0
L 3.045 1.0711417 3.055 1.0711417 1 P 0
L 3.0527566 1.5988583 3.0527566 1.6188583 1 P 0
L 3.0527566 1.5988583 3.0627566 1.5988583 1 P 0
L 3.0527566 1.6188583 3.0627566 1.6188583 1 P 0
L 3.055 1.0511417 3.055 1.0711417 1 P 0
L 3.055 1.13 3.055 1.15 1 P 0
L 3.055 1.13 3.065 1.13 1 P 0
L 3.055 1.15 3.065 1.15 1 P 0
L 3.055 1.505 3.055 1.515 1 P 0
L 3.055 1.515 3.065 1.515 1 P 0
L 3.055 1.535 3.055 1.545 1 P 0
L 3.055 1.535 3.065 1.535 1 P 0
L 3.0627566 1.5888583 3.0627566 1.5988583 1 P 0
L 3.0627566 1.5888583 3.0827566 1.5888583 1 P 0
L 3.0627566 1.6188583 3.0627566 1.6288583 1 P 0
L 3.0627566 1.6288583 3.0827566 1.6288583 1 P 0
L 3.065 1.12 3.065 1.13 1 P 0
L 3.065 1.12 3.085 1.12 1 P 0
L 3.065 1.15 3.065 1.16 1 P 0
L 3.065 1.16 3.085 1.16 1 P 0
L 3.065 1.515 3.065 1.535 1 P 0
L 3.0827566 1.5888583 3.0827566 1.5988583 1 P 0
L 3.0827566 1.5988583 3.0927566 1.5988583 1 P 0
L 3.0827566 1.6188583 3.0827566 1.6288583 1 P 0
L 3.0827566 1.6188583 3.0927566 1.6188583 1 P 0
L 3.085 1.12 3.085 1.13 1 P 0
L 3.085 1.13 3.095 1.13 1 P 0
L 3.085 1.15 3.085 1.16 1 P 0
L 3.085 1.15 3.095 1.15 1 P 0
L 3.0927566 1.5988583 3.0927566 1.6188583 1 P 0
L 3.095 1.13 3.095 1.15 1 P 0
L 3.14 1.87 3.14 1.89 1 P 0
L 3.14 1.87 3.15 1.87 1 P 0
L 3.14 1.89 3.15 1.89 1 P 0
L 3.15 1.86 3.15 1.87 1 P 0
L 3.15 1.86 3.17 1.86 1 P 0
L 3.15 1.89 3.15 1.9 1 P 0
L 3.15 1.9 3.17 1.9 1 P 0
L 3.17 1.86 3.17 1.87 1 P 0
L 3.17 1.87 3.18 1.87 1 P 0
L 3.17 1.89 3.17 1.9 1 P 0
L 3.17 1.89 3.18 1.89 1 P 0
L 3.18 1.87 3.18 1.89 1 P 0
L 3.235 0.155 3.235 0.175 1 P 0
L 3.235 0.155 3.245 0.155 1 P 0
L 3.235 0.175 3.245 0.175 1 P 0
L 3.235 0.615 3.235 0.635 1 P 0
L 3.235 0.615 3.245 0.615 1 P 0
L 3.235 0.635 3.245 0.635 1 P 0
L 3.235 1.63 3.235 1.65 1 P 0
L 3.235 1.63 3.245 1.63 1 P 0
L 3.235 1.65 3.245 1.65 1 P 0
L 3.2367718 0.44 3.2567718 0.4 1 P 0
L 3.2367718 0.44 3.2767718 0.44 1 P 0
L 3.2367718 0.9 3.2567718 0.86 1 P 0
L 3.2367718 0.9 3.2767718 0.9 1 P 0
L 3.2367718 1.4020551 3.2567718 1.3620551 1 P 0
L 3.2367718 1.4020551 3.2767718 1.4020551 1 P 0
L 3.2367718 1.845 3.2567718 1.805 1 P 0
L 3.2367718 1.845 3.2767718 1.845 1 P 0
L 3.24 1.09 3.24 1.11 1 P 0
L 3.24 1.09 3.25 1.09 1 P 0
L 3.24 1.11 3.25 1.11 1 P 0
L 3.24 1.555 3.24 1.575 1 P 0
L 3.24 1.555 3.25 1.555 1 P 0
L 3.24 1.575 3.25 1.575 1 P 0
L 3.245 0.145 3.245 0.155 1 P 0
L 3.245 0.145 3.265 0.145 1 P 0
L 3.245 0.175 3.245 0.185 1 P 0
L 3.245 0.185 3.265 0.185 1 P 0
L 3.245 0.605 3.245 0.615 1 P 0
L 3.245 0.605 3.265 0.605 1 P 0
L 3.245 0.635 3.245 0.645 1 P 0
L 3.245 0.645 3.265 0.645 1 P 0
L 3.245 1.62 3.245 1.63 1 P 0
L 3.245 1.62 3.265 1.62 1 P 0
L 3.245 1.65 3.245 1.66 1 P 0
L 3.245 1.66 3.265 1.66 1 P 0
L 3.25 1.08 3.25 1.09 1 P 0
L 3.25 1.08 3.27 1.08 1 P 0
L 3.25 1.11 3.25 1.12 1 P 0
L 3.25 1.12 3.27 1.12 1 P 0
L 3.25 1.545 3.25 1.555 1 P 0
L 3.25 1.545 3.27 1.545 1 P 0
L 3.25 1.575 3.25 1.585 1 P 0
L 3.25 1.585 3.27 1.585 1 P 0
L 3.2567718 0.4 3.2767718 0.44 1 P 0
L 3.2567718 0.86 3.2767718 0.9 1 P 0
L 3.2567718 1.3620551 3.2767718 1.4020551 1 P 0
L 3.2567718 1.805 3.2767718 1.845 1 P 0
L 3.265 0.145 3.265 0.155 1 P 0
L 3.265 0.155 3.275 0.155 1 P 0
L 3.265 0.175 3.265 0.185 1 P 0
L 3.265 0.175 3.275 0.175 1 P 0
L 3.265 0.605 3.265 0.615 1 P 0
L 3.265 0.615 3.275 0.615 1 P 0
L 3.265 0.635 3.265 0.645 1 P 0
L 3.265 0.635 3.275 0.635 1 P 0
L 3.265 1.62 3.265 1.63 1 P 0
L 3.265 1.63 3.275 1.63 1 P 0
L 3.265 1.65 3.265 1.66 1 P 0
L 3.265 1.65 3.275 1.65 1 P 0
L 3.27 1.08 3.27 1.09 1 P 0
L 3.27 1.09 3.28 1.09 1 P 0
L 3.27 1.11 3.27 1.12 1 P 0
L 3.27 1.11 3.28 1.11 1 P 0
L 3.27 1.545 3.27 1.555 1 P 0
L 3.27 1.555 3.28 1.555 1 P 0
L 3.27 1.575 3.27 1.585 1 P 0
L 3.27 1.575 3.28 1.575 1 P 0
L 3.275 0.155 3.275 0.175 1 P 0
L 3.275 0.615 3.275 0.635 1 P 0
L 3.275 1.63 3.275 1.65 1 P 0
L 3.28 1.09 3.28 1.11 1 P 0
L 3.28 1.555 3.28 1.575 1 P 0
L 3.3367718 0.44 3.3567718 0.4 1 P 0
L 3.3367718 0.44 3.3767718 0.44 1 P 0
L 3.3367718 0.9 3.3567718 0.86 1 P 0
L 3.3367718 0.9 3.3767718 0.9 1 P 0
L 3.3367718 1.4020551 3.3567718 1.3620551 1 P 0
L 3.3367718 1.4020551 3.3767718 1.4020551 1 P 0
L 3.3367718 1.845 3.3567718 1.805 1 P 0
L 3.3367718 1.845 3.3767718 1.845 1 P 0
L 3.3567718 0.4 3.3767718 0.44 1 P 0
L 3.3567718 0.86 3.3767718 0.9 1 P 0
L 3.3567718 1.3620551 3.3767718 1.4020551 1 P 0
L 3.3567718 1.805 3.3767718 1.845 1 P 0
L 3.41 1.71 3.41 1.73 1 P 0
L 3.41 1.71 3.42 1.71 1 P 0
L 3.41 1.73 3.42 1.73 1 P 0
L 3.415 0.12 3.415 0.14 1 P 0
L 3.415 0.12 3.425 0.12 1 P 0
L 3.415 0.14 3.425 0.14 1 P 0
L 3.415 1.52 3.415 1.54 1 P 0
L 3.415 1.52 3.425 1.52 1 P 0
L 3.415 1.54 3.425 1.54 1 P 0
L 3.42 0.57 3.42 0.59 1 P 0
L 3.42 0.57 3.43 0.57 1 P 0
L 3.42 0.59 3.43 0.59 1 P 0
L 3.42 1.7 3.42 1.71 1 P 0
L 3.42 1.7 3.44 1.7 1 P 0
L 3.42 1.73 3.42 1.74 1 P 0
L 3.42 1.74 3.44 1.74 1 P 0
L 3.425 0.11 3.425 0.12 1 P 0
L 3.425 0.11 3.445 0.11 1 P 0
L 3.425 0.14 3.425 0.15 1 P 0
L 3.425 0.15 3.445 0.15 1 P 0
L 3.425 1.51 3.425 1.52 1 P 0
L 3.425 1.51 3.445 1.51 1 P 0
L 3.425 1.54 3.425 1.55 1 P 0
L 3.425 1.55 3.445 1.55 1 P 0
L 3.43 0.56 3.43 0.57 1 P 0
L 3.43 0.56 3.45 0.56 1 P 0
L 3.43 0.59 3.43 0.6 1 P 0
L 3.43 0.6 3.45 0.6 1 P 0
L 3.44 1.7 3.44 1.71 1 P 0
L 3.44 1.71 3.45 1.71 1 P 0
L 3.44 1.73 3.44 1.74 1 P 0
L 3.44 1.73 3.45 1.73 1 P 0
L 3.445 0.11 3.445 0.12 1 P 0
L 3.445 0.12 3.455 0.12 1 P 0
L 3.445 0.14 3.445 0.15 1 P 0
L 3.445 0.14 3.455 0.14 1 P 0
L 3.445 1.51 3.445 1.52 1 P 0
L 3.445 1.52 3.455 1.52 1 P 0
L 3.445 1.54 3.445 1.55 1 P 0
L 3.445 1.54 3.455 1.54 1 P 0
L 3.45 0.56 3.45 0.57 1 P 0
L 3.45 0.57 3.46 0.57 1 P 0
L 3.45 0.59 3.45 0.6 1 P 0
L 3.45 0.59 3.46 0.59 1 P 0
L 3.45 1.065 3.45 1.085 1 P 0
L 3.45 1.065 3.46 1.065 1 P 0
L 3.45 1.085 3.46 1.085 1 P 0
L 3.45 1.71 3.45 1.73 1 P 0
L 3.455 0.12 3.455 0.14 1 P 0
L 3.455 1.52 3.455 1.54 1 P 0
L 3.46 0.57 3.46 0.59 1 P 0
L 3.46 1.055 3.46 1.065 1 P 0
L 3.46 1.055 3.48 1.055 1 P 0
L 3.46 1.085 3.46 1.095 1 P 0
L 3.46 1.095 3.48 1.095 1 P 0
L 3.465 1.875 3.465 1.895 1 P 0
L 3.465 1.875 3.475 1.875 1 P 0
L 3.465 1.895 3.475 1.895 1 P 0
L 3.475 1.865 3.475 1.875 1 P 0
L 3.475 1.865 3.495 1.865 1 P 0
L 3.475 1.895 3.475 1.905 1 P 0
L 3.475 1.905 3.495 1.905 1 P 0
L 3.48 1.055 3.48 1.065 1 P 0
L 3.48 1.065 3.49 1.065 1 P 0
L 3.48 1.085 3.48 1.095 1 P 0
L 3.48 1.085 3.49 1.085 1 P 0
L 3.49 1.065 3.49 1.085 1 P 0
L 3.495 1.865 3.495 1.875 1 P 0
L 3.495 1.875 3.505 1.875 1 P 0
L 3.495 1.895 3.495 1.905 1 P 0
L 3.495 1.895 3.505 1.895 1 P 0
L 3.505 1.875 3.505 1.895 1 P 0
L 3.51 0.55 3.51 0.57 1 P 0
L 3.51 0.55 3.52 0.55 1 P 0
L 3.51 0.57 3.52 0.57 1 P 0
L 3.52 0.54 3.52 0.55 1 P 0
L 3.52 0.54 3.54 0.54 1 P 0
L 3.52 0.57 3.52 0.58 1 P 0
L 3.52 0.58 3.54 0.58 1 P 0
L 3.54 0.54 3.54 0.55 1 P 0
L 3.54 0.55 3.55 0.55 1 P 0
L 3.54 0.57 3.54 0.58 1 P 0
L 3.54 0.57 3.55 0.57 1 P 0
L 3.55 0.55 3.55 0.57 1 P 0
L 3.57 0.525 3.57 0.545 1 P 0
L 3.57 0.525 3.58 0.525 1 P 0
L 3.57 0.545 3.58 0.545 1 P 0
L 3.58 0.515 3.58 0.525 1 P 0
L 3.58 0.515 3.6 0.515 1 P 0
L 3.58 0.545 3.58 0.555 1 P 0
L 3.58 0.555 3.6 0.555 1 P 0
L 3.59 1.1872835 3.59 1.2072835 1 P 0
L 3.59 1.1872835 3.6 1.1872835 1 P 0
L 3.59 1.2072835 3.6 1.2072835 1 P 0
L 3.59 1.21 3.59 1.23 1 P 0
L 3.59 1.21 3.6 1.21 1 P 0
L 3.59 1.23 3.6 1.23 1 P 0
L 3.59 1.235 3.59 1.255 1 P 0
L 3.59 1.235 3.6 1.235 1 P 0
L 3.59 1.255 3.6 1.255 1 P 0
L 3.595 1.29 3.595 1.31 1 P 0
L 3.595 1.29 3.605 1.29 1 P 0
L 3.595 1.31 3.605 1.31 1 P 0
L 3.595 1.315 3.595 1.335 1 P 0
L 3.595 1.315 3.605 1.315 1 P 0
L 3.595 1.335 3.605 1.335 1 P 0
L 3.595 1.34 3.595 1.36 1 P 0
L 3.595 1.34 3.605 1.34 1 P 0
L 3.595 1.36 3.605 1.36 1 P 0
L 3.595 1.365 3.595 1.385 1 P 0
L 3.595 1.365 3.605 1.365 1 P 0
L 3.595 1.385 3.605 1.385 1 P 0
L 3.595 1.39 3.595 1.41 1 P 0
L 3.595 1.39 3.605 1.39 1 P 0
L 3.595 1.41 3.605 1.41 1 P 0
L 3.595 1.415 3.595 1.435 1 P 0
L 3.595 1.415 3.605 1.415 1 P 0
L 3.595 1.435 3.605 1.435 1 P 0
L 3.595 1.44 3.595 1.46 1 P 0
L 3.595 1.44 3.605 1.44 1 P 0
L 3.595 1.46 3.605 1.46 1 P 0
L 3.595 1.47 3.595 1.49 1 P 0
L 3.595 1.47 3.605 1.47 1 P 0
L 3.595 1.49 3.605 1.49 1 P 0
L 3.6 0.515 3.6 0.525 1 P 0
L 3.6 0.525 3.61 0.525 1 P 0
L 3.6 0.545 3.6 0.555 1 P 0
L 3.6 0.545 3.61 0.545 1 P 0
L 3.6 1.1772835 3.6 1.1872835 1 P 0
L 3.6 1.1772835 3.62 1.1772835 1 P 0
L 3.6 1.2 3.6 1.21 1 P 0
L 3.6 1.2 3.62 1.2 1 P 0
L 3.6 1.2072835 3.6 1.2172835 1 P 0
L 3.6 1.2172835 3.62 1.2172835 1 P 0
L 3.6 1.225 3.6 1.235 1 P 0
L 3.6 1.225 3.62 1.225 1 P 0
L 3.6 1.23 3.6 1.24 1 P 0
L 3.6 1.24 3.62 1.24 1 P 0
L 3.6 1.255 3.6 1.265 1 P 0
L 3.6 1.265 3.62 1.265 1 P 0
L 3.605 1.28 3.605 1.29 1 P 0
L 3.605 1.28 3.625 1.28 1 P 0
L 3.605 1.305 3.605 1.315 1 P 0
L 3.605 1.305 3.625 1.305 1 P 0
L 3.605 1.31 3.605 1.32 1 P 0
L 3.605 1.32 3.625 1.32 1 P 0
L 3.605 1.33 3.605 1.34 1 P 0
L 3.605 1.33 3.625 1.33 1 P 0
L 3.605 1.335 3.605 1.345 1 P 0
L 3.605 1.345 3.625 1.345 1 P 0
L 3.605 1.355 3.605 1.365 1 P 0
L 3.605 1.355 3.625 1.355 1 P 0
L 3.605 1.36 3.605 1.37 1 P 0
L 3.605 1.37 3.625 1.37 1 P 0
L 3.605 1.38 3.605 1.39 1 P 0
L 3.605 1.38 3.625 1.38 1 P 0
L 3.605 1.385 3.605 1.395 1 P 0
L 3.605 1.395 3.625 1.395 1 P 0
L 3.605 1.405 3.605 1.415 1 P 0
L 3.605 1.405 3.625 1.405 1 P 0
L 3.605 1.41 3.605 1.42 1 P 0
L 3.605 1.42 3.625 1.42 1 P 0
L 3.605 1.43 3.605 1.44 1 P 0
L 3.605 1.43 3.625 1.43 1 P 0
L 3.605 1.435 3.605 1.445 1 P 0
L 3.605 1.445 3.625 1.445 1 P 0
L 3.605 1.46 3.605 1.47 1 P 0
L 3.605 1.46 3.605 1.47 1 P 0
L 3.605 1.46 3.625 1.46 1 P 0
L 3.605 1.47 3.625 1.47 1 P 0
L 3.605 1.49 3.605 1.5 1 P 0
L 3.605 1.5 3.625 1.5 1 P 0
L 3.61 0.525 3.61 0.545 1 P 0
L 3.61 1.125 3.61 1.145 1 P 0
L 3.61 1.125 3.62 1.125 1 P 0
L 3.61 1.145 3.62 1.145 1 P 0
L 3.62 0.51 3.62 0.53 1 P 0
L 3.62 0.51 3.63 0.51 1 P 0
L 3.62 0.53 3.63 0.53 1 P 0
L 3.62 1.115 3.62 1.125 1 P 0
L 3.62 1.115 3.64 1.115 1 P 0
L 3.62 1.145 3.62 1.155 1 P 0
L 3.62 1.155 3.64 1.155 1 P 0
L 3.62 1.1772835 3.62 1.1872835 1 P 0
L 3.62 1.1872835 3.63 1.1872835 1 P 0
L 3.62 1.2 3.62 1.21 1 P 0
L 3.62 1.2072835 3.62 1.2172835 1 P 0
L 3.62 1.2072835 3.63 1.2072835 1 P 0
L 3.62 1.21 3.63 1.21 1 P 0
L 3.62 1.225 3.62 1.235 1 P 0
L 3.62 1.23 3.62 1.24 1 P 0
L 3.62 1.23 3.63 1.23 1 P 0
L 3.62 1.235 3.63 1.235 1 P 0
L 3.62 1.255 3.62 1.265 1 P 0
L 3.62 1.255 3.63 1.255 1 P 0
L 3.625 1.28 3.625 1.29 1 P 0
L 3.625 1.29 3.635 1.29 1 P 0
L 3.625 1.305 3.625 1.315 1 P 0
L 3.625 1.31 3.625 1.32 1 P 0
L 3.625 1.31 3.635 1.31 1 P 0
L 3.625 1.315 3.635 1.315 1 P 0
L 3.625 1.33 3.625 1.34 1 P 0
L 3.625 1.335 3.625 1.345 1 P 0
L 3.625 1.335 3.635 1.335 1 P 0
L 3.625 1.34 3.635 1.34 1 P 0
L 3.625 1.355 3.625 1.365 1 P 0
L 3.625 1.36 3.625 1.37 1 P 0
L 3.625 1.36 3.635 1.36 1 P 0
L 3.625 1.365 3.635 1.365 1 P 0
L 3.625 1.38 3.625 1.39 1 P 0
L 3.625 1.385 3.625 1.395 1 P 0
L 3.625 1.385 3.635 1.385 1 P 0
L 3.625 1.39 3.635 1.39 1 P 0
L 3.625 1.405 3.625 1.415 1 P 0
L 3.625 1.41 3.625 1.42 1 P 0
L 3.625 1.41 3.635 1.41 1 P 0
L 3.625 1.415 3.635 1.415 1 P 0
L 3.625 1.43 3.625 1.44 1 P 0
L 3.625 1.435 3.625 1.445 1 P 0
L 3.625 1.435 3.635 1.435 1 P 0
L 3.625 1.44 3.635 1.44 1 P 0
L 3.625 1.46 3.625 1.47 1 P 0
L 3.625 1.46 3.625 1.47 1 P 0
L 3.625 1.46 3.635 1.46 1 P 0
L 3.625 1.47 3.635 1.47 1 P 0
L 3.625 1.49 3.625 1.5 1 P 0
L 3.625 1.49 3.635 1.49 1 P 0
L 3.63 0.5 3.63 0.51 1 P 0
L 3.63 0.5 3.65 0.5 1 P 0
L 3.63 0.53 3.63 0.54 1 P 0
L 3.63 0.54 3.65 0.54 1 P 0
L 3.63 1.1872835 3.63 1.2072835 1 P 0
L 3.63 1.21 3.63 1.23 1 P 0
L 3.63 1.235 3.63 1.255 1 P 0
L 3.635 1.29 3.635 1.31 1 P 0
L 3.635 1.315 3.635 1.335 1 P 0
L 3.635 1.34 3.635 1.36 1 P 0
L 3.635 1.365 3.635 1.385 1 P 0
L 3.635 1.39 3.635 1.41 1 P 0
L 3.635 1.415 3.635 1.435 1 P 0
L 3.635 1.44 3.635 1.46 1 P 0
L 3.635 1.47 3.635 1.49 1 P 0
L 3.64 0.84 3.64 0.86 1 P 0
L 3.64 0.84 3.65 0.84 1 P 0
L 3.64 0.86 3.65 0.86 1 P 0
L 3.64 1.04 3.64 1.06 1 P 0
L 3.64 1.04 3.65 1.04 1 P 0
L 3.64 1.06 3.65 1.06 1 P 0
L 3.64 1.115 3.64 1.125 1 P 0
L 3.64 1.125 3.65 1.125 1 P 0
L 3.64 1.145 3.64 1.155 1 P 0
L 3.64 1.145 3.65 1.145 1 P 0
L 3.645 0.02 3.645 0.04 1 P 0
L 3.645 0.02 3.655 0.02 1 P 0
L 3.645 0.04 3.655 0.04 1 P 0
L 3.65 0.5 3.65 0.51 1 P 0
L 3.65 0.51 3.66 0.51 1 P 0
L 3.65 0.53 3.65 0.54 1 P 0
L 3.65 0.53 3.66 0.53 1 P 0
L 3.65 0.83 3.65 0.84 1 P 0
L 3.65 0.83 3.67 0.83 1 P 0
L 3.65 0.86 3.65 0.87 1 P 0
L 3.65 0.87 3.67 0.87 1 P 0
L 3.65 1.03 3.65 1.04 1 P 0
L 3.65 1.03 3.67 1.03 1 P 0
L 3.65 1.06 3.65 1.07 1 P 0
L 3.65 1.07 3.67 1.07 1 P 0
L 3.65 1.125 3.65 1.145 1 P 0
L 3.655 0.01 3.655 0.02 1 P 0
L 3.655 0.01 3.675 0.01 1 P 0
L 3.655 0.04 3.655 0.05 1 P 0
L 3.655 0.05 3.675 0.05 1 P 0
L 3.66 0.51 3.66 0.53 1 P 0
L 3.67 0.065 3.67 0.085 1 P 0
L 3.67 0.065 3.68 0.065 1 P 0
L 3.67 0.085 3.68 0.085 1 P 0
L 3.67 0.83 3.67 0.84 1 P 0
L 3.67 0.84 3.68 0.84 1 P 0
L 3.67 0.86 3.67 0.87 1 P 0
L 3.67 0.86 3.68 0.86 1 P 0
L 3.67 1.03 3.67 1.04 1 P 0
L 3.67 1.04 3.68 1.04 1 P 0
L 3.67 1.06 3.67 1.07 1 P 0
L 3.67 1.06 3.68 1.06 1 P 0
L 3.675 0.01 3.675 0.02 1 P 0
L 3.675 0.02 3.685 0.02 1 P 0
L 3.675 0.04 3.675 0.05 1 P 0
L 3.675 0.04 3.685 0.04 1 P 0
L 3.675 0.49 3.675 0.51 1 P 0
L 3.675 0.49 3.685 0.49 1 P 0
L 3.675 0.51 3.685 0.51 1 P 0
L 3.68 0.055 3.68 0.065 1 P 0
L 3.68 0.055 3.7 0.055 1 P 0
L 3.68 0.085 3.68 0.095 1 P 0
L 3.68 0.095 3.7 0.095 1 P 0
L 3.68 0.84 3.68 0.86 1 P 0
L 3.68 1.04 3.68 1.06 1 P 0
L 3.685 0.02 3.685 0.04 1 P 0
L 3.685 0.11 3.685 0.13 1 P 0
L 3.685 0.11 3.695 0.11 1 P 0
L 3.685 0.13 3.695 0.13 1 P 0
L 3.685 0.48 3.685 0.49 1 P 0
L 3.685 0.48 3.705 0.48 1 P 0
L 3.685 0.51 3.685 0.52 1 P 0
L 3.685 0.52 3.705 0.52 1 P 0
L 3.685 1.875 3.685 1.895 1 P 0
L 3.685 1.875 3.695 1.875 1 P 0
L 3.685 1.895 3.695 1.895 1 P 0
L 3.695 0.1 3.695 0.11 1 P 0
L 3.695 0.1 3.715 0.1 1 P 0
L 3.695 0.13 3.695 0.14 1 P 0
L 3.695 0.14 3.715 0.14 1 P 0
L 3.695 1.865 3.695 1.875 1 P 0
L 3.695 1.865 3.715 1.865 1 P 0
L 3.695 1.895 3.695 1.905 1 P 0
L 3.695 1.905 3.715 1.905 1 P 0
L 3.7 0.055 3.7 0.065 1 P 0
L 3.7 0.065 3.71 0.065 1 P 0
L 3.7 0.085 3.7 0.095 1 P 0
L 3.7 0.085 3.71 0.085 1 P 0
L 3.7 0.84 3.7 0.86 1 P 0
L 3.7 0.84 3.71 0.84 1 P 0
L 3.7 0.86 3.71 0.86 1 P 0
L 3.7 1.045 3.7 1.065 1 P 0
L 3.7 1.045 3.71 1.045 1 P 0
L 3.7 1.065 3.71 1.065 1 P 0
L 3.7003129 0.9577162 3.7003129 0.9777162 1 P 0
L 3.7003129 0.9577162 3.7103129 0.9577162 1 P 0
L 3.7003129 0.9777162 3.7103129 0.9777162 1 P 0
L 3.705 0.48 3.705 0.49 1 P 0
L 3.705 0.49 3.715 0.49 1 P 0
L 3.705 0.51 3.705 0.52 1 P 0
L 3.705 0.51 3.715 0.51 1 P 0
L 3.71 0.065 3.71 0.085 1 P 0
L 3.71 0.83 3.71 0.84 1 P 0
L 3.71 0.83 3.73 0.83 1 P 0
L 3.71 0.86 3.71 0.87 1 P 0
L 3.71 0.87 3.73 0.87 1 P 0
L 3.71 1.035 3.71 1.045 1 P 0
L 3.71 1.035 3.73 1.035 1 P 0
L 3.71 1.065 3.71 1.075 1 P 0
L 3.71 1.075 3.73 1.075 1 P 0
L 3.7103129 0.9477162 3.7103129 0.9577162 1 P 0
L 3.7103129 0.9477162 3.7303129 0.9477162 1 P 0
L 3.7103129 0.9777162 3.7103129 0.9877162 1 P 0
L 3.7103129 0.9877162 3.7303129 0.9877162 1 P 0
L 3.715 0.1 3.715 0.11 1 P 0
L 3.715 0.11 3.725 0.11 1 P 0
L 3.715 0.13 3.715 0.14 1 P 0
L 3.715 0.13 3.725 0.13 1 P 0
L 3.715 0.49 3.715 0.51 1 P 0
L 3.715 1.865 3.715 1.875 1 P 0
L 3.715 1.875 3.725 1.875 1 P 0
L 3.715 1.895 3.715 1.905 1 P 0
L 3.715 1.895 3.725 1.895 1 P 0
L 3.7152782 0.16 3.7152782 0.18 1 P 0
L 3.7152782 0.16 3.7252782 0.16 1 P 0
L 3.7152782 0.18 3.7252782 0.18 1 P 0
L 3.725 0.11 3.725 0.13 1 P 0
L 3.725 1.875 3.725 1.895 1 P 0
L 3.7252782 0.15 3.7252782 0.16 1 P 0
L 3.7252782 0.15 3.7452782 0.15 1 P 0
L 3.7252782 0.18 3.7252782 0.19 1 P 0
L 3.7252782 0.19 3.7452782 0.19 1 P 0
L 3.73 0.83 3.73 0.84 1 P 0
L 3.73 0.84 3.74 0.84 1 P 0
L 3.73 0.86 3.73 0.87 1 P 0
L 3.73 0.86 3.74 0.86 1 P 0
L 3.73 1.035 3.73 1.045 1 P 0
L 3.73 1.045 3.74 1.045 1 P 0
L 3.73 1.065 3.73 1.075 1 P 0
L 3.73 1.065 3.74 1.065 1 P 0
L 3.7303129 0.9477162 3.7303129 0.9577162 1 P 0
L 3.7303129 0.9577162 3.7403129 0.9577162 1 P 0
L 3.7303129 0.9777162 3.7303129 0.9877162 1 P 0
L 3.7303129 0.9777162 3.7403129 0.9777162 1 P 0
L 3.74 0.84 3.74 0.86 1 P 0
L 3.74 1.045 3.74 1.065 1 P 0
L 3.7403129 0.9577162 3.7403129 0.9777162 1 P 0
L 3.7452782 0.15 3.7452782 0.16 1 P 0
L 3.7452782 0.16 3.7552782 0.16 1 P 0
L 3.7452782 0.18 3.7452782 0.19 1 P 0
L 3.7452782 0.18 3.7552782 0.18 1 P 0
L 3.755 1.045 3.755 1.065 1 P 0
L 3.755 1.045 3.765 1.045 1 P 0
L 3.755 1.065 3.765 1.065 1 P 0
L 3.7552782 0.16 3.7552782 0.18 1 P 0
L 3.76 0.835 3.76 0.855 1 P 0
L 3.76 0.835 3.77 0.835 1 P 0
L 3.76 0.855 3.77 0.855 1 P 0
L 3.7603129 0.9572242 3.7603129 0.9772242 1 P 0
L 3.7603129 0.9572242 3.7703129 0.9572242 1 P 0
L 3.7603129 0.9772242 3.7703129 0.9772242 1 P 0
L 3.765 1.035 3.765 1.045 1 P 0
L 3.765 1.035 3.785 1.035 1 P 0
L 3.765 1.065 3.765 1.075 1 P 0
L 3.765 1.075 3.785 1.075 1 P 0
L 3.77 0.825 3.77 0.835 1 P 0
L 3.77 0.825 3.79 0.825 1 P 0
L 3.77 0.855 3.77 0.865 1 P 0
L 3.77 0.865 3.79 0.865 1 P 0
L 3.7703129 0.9472242 3.7703129 0.9572242 1 P 0
L 3.7703129 0.9472242 3.7903129 0.9472242 1 P 0
L 3.7703129 0.9772242 3.7703129 0.9872242 1 P 0
L 3.7703129 0.9872242 3.7903129 0.9872242 1 P 0
L 3.785 1.035 3.785 1.045 1 P 0
L 3.785 1.045 3.795 1.045 1 P 0
L 3.785 1.065 3.785 1.075 1 P 0
L 3.785 1.065 3.795 1.065 1 P 0
L 3.79 0.825 3.79 0.835 1 P 0
L 3.79 0.835 3.8 0.835 1 P 0
L 3.79 0.855 3.79 0.865 1 P 0
L 3.79 0.855 3.8 0.855 1 P 0
L 3.7903129 0.9472242 3.7903129 0.9572242 1 P 0
L 3.7903129 0.9572242 3.8003129 0.9572242 1 P 0
L 3.7903129 0.9772242 3.7903129 0.9872242 1 P 0
L 3.7903129 0.9772242 3.8003129 0.9772242 1 P 0
L 3.795 1.045 3.795 1.065 1 P 0
L 3.8 0.835 3.8 0.855 1 P 0
L 3.8003129 0.9572242 3.8003129 0.9772242 1 P 0
L 3.82 0.835 3.82 0.855 1 P 0
L 3.82 0.835 3.83 0.835 1 P 0
L 3.82 0.855 3.83 0.855 1 P 0
L 3.82 1.045 3.82 1.065 1 P 0
L 3.82 1.045 3.83 1.045 1 P 0
L 3.82 1.065 3.83 1.065 1 P 0
L 3.8253129 0.9592322 3.8253129 0.9792322 1 P 0
L 3.8253129 0.9592322 3.8353129 0.9592322 1 P 0
L 3.8253129 0.9792322 3.8353129 0.9792322 1 P 0
L 3.83 0.825 3.83 0.835 1 P 0
L 3.83 0.825 3.85 0.825 1 P 0
L 3.83 0.855 3.83 0.865 1 P 0
L 3.83 0.865 3.85 0.865 1 P 0
L 3.83 1.035 3.83 1.045 1 P 0
L 3.83 1.035 3.85 1.035 1 P 0
L 3.83 1.065 3.83 1.075 1 P 0
L 3.83 1.075 3.85 1.075 1 P 0
L 3.8353129 0.9492322 3.8353129 0.9592322 1 P 0
L 3.8353129 0.9492322 3.8553129 0.9492322 1 P 0
L 3.8353129 0.9792322 3.8353129 0.9892322 1 P 0
L 3.8353129 0.9892322 3.8553129 0.9892322 1 P 0
L 3.85 0.825 3.85 0.835 1 P 0
L 3.85 0.835 3.86 0.835 1 P 0
L 3.85 0.855 3.85 0.865 1 P 0
L 3.85 0.855 3.86 0.855 1 P 0
L 3.85 1.035 3.85 1.045 1 P 0
L 3.85 1.045 3.86 1.045 1 P 0
L 3.85 1.065 3.85 1.075 1 P 0
L 3.85 1.065 3.86 1.065 1 P 0
L 3.8553129 0.9492322 3.8553129 0.9592322 1 P 0
L 3.8553129 0.9592322 3.8653129 0.9592322 1 P 0
L 3.8553129 0.9792322 3.8553129 0.9892322 1 P 0
L 3.8553129 0.9792322 3.8653129 0.9792322 1 P 0
L 3.86 0.835 3.86 0.855 1 P 0
L 3.86 1.045 3.86 1.065 1 P 0
L 3.8653129 0.9592322 3.8653129 0.9792322 1 P 0
L 3.88 0.835 3.88 0.855 1 P 0
L 3.88 0.835 3.89 0.835 1 P 0
L 3.88 0.855 3.89 0.855 1 P 0
L 3.885 1.04 3.885 1.06 1 P 0
L 3.885 1.04 3.895 1.04 1 P 0
L 3.885 1.06 3.895 1.06 1 P 0
L 3.8853129 0.9587402 3.8853129 0.9787402 1 P 0
L 3.8853129 0.9587402 3.8953129 0.9587402 1 P 0
L 3.8853129 0.9787402 3.8953129 0.9787402 1 P 0
L 3.89 0.825 3.89 0.835 1 P 0
L 3.89 0.825 3.91 0.825 1 P 0
L 3.89 0.855 3.89 0.865 1 P 0
L 3.89 0.865 3.91 0.865 1 P 0
L 3.895 1.03 3.895 1.04 1 P 0
L 3.895 1.03 3.915 1.03 1 P 0
L 3.895 1.06 3.895 1.07 1 P 0
L 3.895 1.07 3.915 1.07 1 P 0
L 3.8953129 0.9487402 3.8953129 0.9587402 1 P 0
L 3.8953129 0.9487402 3.9153129 0.9487402 1 P 0
L 3.8953129 0.9787402 3.8953129 0.9887402 1 P 0
L 3.8953129 0.9887402 3.9153129 0.9887402 1 P 0
L 3.91 0.825 3.91 0.835 1 P 0
L 3.91 0.835 3.92 0.835 1 P 0
L 3.91 0.855 3.91 0.865 1 P 0
L 3.91 0.855 3.92 0.855 1 P 0
L 3.915 1.03 3.915 1.04 1 P 0
L 3.915 1.04 3.925 1.04 1 P 0
L 3.915 1.06 3.915 1.07 1 P 0
L 3.915 1.06 3.925 1.06 1 P 0
L 3.9153129 0.9487402 3.9153129 0.9587402 1 P 0
L 3.9153129 0.9587402 3.9253129 0.9587402 1 P 0
L 3.9153129 0.9787402 3.9153129 0.9887402 1 P 0
L 3.9153129 0.9787402 3.9253129 0.9787402 1 P 0
L 3.92 0.835 3.92 0.855 1 P 0
L 3.925 1.04 3.925 1.06 1 P 0
L 3.9253129 0.9587402 3.9253129 0.9787402 1 P 0
L 3.94 0.835 3.94 0.855 1 P 0
L 3.94 0.835 3.95 0.835 1 P 0
L 3.94 0.855 3.95 0.855 1 P 0
L 3.9411417 1.42 3.9411417 1.44 1 P 0
L 3.9411417 1.42 3.9511417 1.42 1 P 0
L 3.9411417 1.44 3.9511417 1.44 1 P 0
L 3.9411417 1.4427165 3.9411417 1.4627165 1 P 0
L 3.9411417 1.4427165 3.9511417 1.4427165 1 P 0
L 3.9411417 1.4627165 3.9511417 1.4627165 1 P 0
L 3.9453129 0.9582482 3.9453129 0.9782482 1 P 0
L 3.9453129 0.9582482 3.9553129 0.9582482 1 P 0
L 3.9453129 0.9782482 3.9553129 0.9782482 1 P 0
L 3.95 0.825 3.95 0.835 1 P 0
L 3.95 0.825 3.97 0.825 1 P 0
L 3.95 0.855 3.95 0.865 1 P 0
L 3.95 0.865 3.97 0.865 1 P 0
L 3.9511417 1.41 3.9511417 1.42 1 P 0
L 3.9511417 1.41 3.9711417 1.41 1 P 0
L 3.9511417 1.4327165 3.9511417 1.4427165 1 P 0
L 3.9511417 1.4327165 3.9711417 1.4327165 1 P 0
L 3.9511417 1.44 3.9511417 1.45 1 P 0
L 3.9511417 1.45 3.9711417 1.45 1 P 0
L 3.9511417 1.4627165 3.9511417 1.4727165 1 P 0
L 3.9511417 1.4727165 3.9711417 1.4727165 1 P 0
L 3.9553129 0.9482482 3.9553129 0.9582482 1 P 0
L 3.9553129 0.9482482 3.9753129 0.9482482 1 P 0
L 3.9553129 0.9782482 3.9553129 0.9882482 1 P 0
L 3.9553129 0.9882482 3.9753129 0.9882482 1 P 0
L 3.96 1.135 3.96 1.155 1 P 0
L 3.96 1.135 3.97 1.135 1 P 0
L 3.96 1.155 3.97 1.155 1 P 0
L 3.96 1.16 3.96 1.18 1 P 0
L 3.96 1.16 3.97 1.16 1 P 0
L 3.96 1.18 3.97 1.18 1 P 0
L 3.96 1.1827165 3.96 1.2027165 1 P 0
L 3.96 1.1827165 3.97 1.1827165 1 P 0
L 3.96 1.2027165 3.97 1.2027165 1 P 0
L 3.96 1.21 3.96 1.23 1 P 0
L 3.96 1.21 3.97 1.21 1 P 0
L 3.96 1.23 3.97 1.23 1 P 0
L 3.96 1.235 3.96 1.255 1 P 0
L 3.96 1.235 3.97 1.235 1 P 0
L 3.96 1.255 3.97 1.255 1 P 0
L 3.96 1.26 3.96 1.28 1 P 0
L 3.96 1.26 3.97 1.26 1 P 0
L 3.96 1.28 3.97 1.28 1 P 0
L 3.96 1.29 3.96 1.31 1 P 0
L 3.96 1.29 3.97 1.29 1 P 0
L 3.96 1.31 3.97 1.31 1 P 0
L 3.96 1.315 3.96 1.335 1 P 0
L 3.96 1.315 3.97 1.315 1 P 0
L 3.96 1.335 3.97 1.335 1 P 0
L 3.96 1.37 3.96 1.39 1 P 0
L 3.96 1.37 3.97 1.37 1 P 0
L 3.96 1.39 3.97 1.39 1 P 0
L 3.965 1.505 3.965 1.525 1 P 0
L 3.965 1.505 3.975 1.505 1 P 0
L 3.965 1.525 3.975 1.525 1 P 0
L 3.97 0.825 3.97 0.835 1 P 0
L 3.97 0.835 3.98 0.835 1 P 0
L 3.97 0.855 3.97 0.865 1 P 0
L 3.97 0.855 3.98 0.855 1 P 0
L 3.97 1.125 3.97 1.135 1 P 0
L 3.97 1.125 3.99 1.125 1 P 0
L 3.97 1.15 3.97 1.16 1 P 0
L 3.97 1.15 3.99 1.15 1 P 0
L 3.97 1.155 3.97 1.165 1 P 0
L 3.97 1.165 3.99 1.165 1 P 0
L 3.97 1.1727165 3.97 1.1827165 1 P 0
L 3.97 1.1727165 3.99 1.1727165 1 P 0
L 3.97 1.18 3.97 1.19 1 P 0
L 3.97 1.19 3.99 1.19 1 P 0
L 3.97 1.2 3.97 1.21 1 P 0
L 3.97 1.2 3.99 1.2 1 P 0
L 3.97 1.2027165 3.97 1.2127165 1 P 0
L 3.97 1.2127165 3.99 1.2127165 1 P 0
L 3.97 1.225 3.97 1.235 1 P 0
L 3.97 1.225 3.99 1.225 1 P 0
L 3.97 1.23 3.97 1.24 1 P 0
L 3.97 1.24 3.99 1.24 1 P 0
L 3.97 1.25 3.97 1.26 1 P 0
L 3.97 1.25 3.99 1.25 1 P 0
L 3.97 1.255 3.97 1.265 1 P 0
L 3.97 1.265 3.99 1.265 1 P 0
L 3.97 1.28 3.97 1.29 1 P 0
L 3.97 1.28 3.97 1.29 1 P 0
L 3.97 1.28 3.99 1.28 1 P 0
L 3.97 1.29 3.99 1.29 1 P 0
L 3.97 1.305 3.97 1.315 1 P 0
L 3.97 1.305 3.99 1.305 1 P 0
L 3.97 1.31 3.97 1.32 1 P 0
L 3.97 1.32 3.99 1.32 1 P 0
L 3.97 1.335 3.97 1.345 1 P 0
L 3.97 1.345 3.99 1.345 1 P 0
L 3.97 1.36 3.97 1.37 1 P 0
L 3.97 1.36 3.99 1.36 1 P 0
L 3.97 1.39 3.97 1.4 1 P 0
L 3.97 1.4 3.99 1.4 1 P 0
L 3.9711417 1.41 3.9711417 1.42 1 P 0
L 3.9711417 1.42 3.9811417 1.42 1 P 0
L 3.9711417 1.4327165 3.9711417 1.4427165 1 P 0
L 3.9711417 1.44 3.9711417 1.45 1 P 0
L 3.9711417 1.44 3.9811417 1.44 1 P 0
L 3.9711417 1.4427165 3.9811417 1.4427165 1 P 0
L 3.9711417 1.4627165 3.9711417 1.4727165 1 P 0
L 3.9711417 1.4627165 3.9811417 1.4627165 1 P 0
L 3.975 1.495 3.975 1.505 1 P 0
L 3.975 1.495 3.995 1.495 1 P 0
L 3.975 1.525 3.975 1.535 1 P 0
L 3.975 1.535 3.995 1.535 1 P 0
L 3.9753129 0.9482482 3.9753129 0.9582482 1 P 0
L 3.9753129 0.9582482 3.9853129 0.9582482 1 P 0
L 3.9753129 0.9782482 3.9753129 0.9882482 1 P 0
L 3.9753129 0.9782482 3.9853129 0.9782482 1 P 0
L 3.98 0.835 3.98 0.855 1 P 0
L 3.9811417 1.42 3.9811417 1.44 1 P 0
L 3.9811417 1.4427165 3.9811417 1.4627165 1 P 0
L 3.985 1.035 3.985 1.055 1 P 0
L 3.985 1.035 3.995 1.035 1 P 0
L 3.985 1.055 3.995 1.055 1 P 0
L 3.9853129 0.9582482 3.9853129 0.9782482 1 P 0
L 3.99 1.125 3.99 1.135 1 P 0
L 3.99 1.135 4 1.135 1 P 0
L 3.99 1.15 3.99 1.16 1 P 0
L 3.99 1.155 3.99 1.165 1 P 0
L 3.99 1.155 4 1.155 1 P 0
L 3.99 1.16 4 1.16 1 P 0
L 3.99 1.1727165 3.99 1.1827165 1 P 0
L 3.99 1.18 3.99 1.19 1 P 0
L 3.99 1.18 4 1.18 1 P 0
L 3.99 1.1827165 4 1.1827165 1 P 0
L 3.99 1.2 3.99 1.21 1 P 0
L 3.99 1.2027165 3.99 1.2127165 1 P 0
L 3.99 1.2027165 4 1.2027165 1 P 0
L 3.99 1.21 4 1.21 1 P 0
L 3.99 1.225 3.99 1.235 1 P 0
L 3.99 1.23 3.99 1.24 1 P 0
L 3.99 1.23 4 1.23 1 P 0
L 3.99 1.235 4 1.235 1 P 0
L 3.99 1.25 3.99 1.26 1 P 0
L 3.99 1.255 3.99 1.265 1 P 0
L 3.99 1.255 4 1.255 1 P 0
L 3.99 1.26 4 1.26 1 P 0
L 3.99 1.28 3.99 1.29 1 P 0
L 3.99 1.28 3.99 1.29 1 P 0
L 3.99 1.28 4 1.28 1 P 0
L 3.99 1.29 4 1.29 1 P 0
L 3.99 1.305 3.99 1.315 1 P 0
L 3.99 1.31 3.99 1.32 1 P 0
L 3.99 1.31 4 1.31 1 P 0
L 3.99 1.315 4 1.315 1 P 0
L 3.99 1.335 3.99 1.345 1 P 0
L 3.99 1.335 4 1.335 1 P 0
L 3.99 1.36 3.99 1.37 1 P 0
L 3.99 1.37 4 1.37 1 P 0
L 3.99 1.39 3.99 1.4 1 P 0
L 3.99 1.39 4 1.39 1 P 0
L 3.995 1.025 3.995 1.035 1 P 0
L 3.995 1.025 4.015 1.025 1 P 0
L 3.995 1.055 3.995 1.065 1 P 0
L 3.995 1.065 4.015 1.065 1 P 0
L 3.995 1.495 3.995 1.505 1 P 0
L 3.995 1.505 4.005 1.505 1 P 0
L 3.995 1.525 3.995 1.535 1 P 0
L 3.995 1.525 4.005 1.525 1 P 0
L 4 0.66 4 0.68 1 P 0
L 4 0.66 4.01 0.66 1 P 0
L 4 0.68 4.01 0.68 1 P 0
L 4 1.135 4 1.155 1 P 0
L 4 1.16 4 1.18 1 P 0
L 4 1.1827165 4 1.2027165 1 P 0
L 4 1.21 4 1.23 1 P 0
L 4 1.235 4 1.255 1 P 0
L 4 1.26 4 1.28 1 P 0
L 4 1.29 4 1.31 1 P 0
L 4 1.315 4 1.335 1 P 0
L 4 1.37 4 1.39 1 P 0
L 4.005 1.505 4.005 1.525 1 P 0
L 4.01 0.65 4.01 0.66 1 P 0
L 4.01 0.65 4.03 0.65 1 P 0
L 4.01 0.68 4.01 0.69 1 P 0
L 4.01 0.69 4.03 0.69 1 P 0
L 4.015 1.025 4.015 1.035 1 P 0
L 4.015 1.035 4.025 1.035 1 P 0
L 4.015 1.055 4.015 1.065 1 P 0
L 4.015 1.055 4.025 1.055 1 P 0
L 4.015 1.395 4.015 1.415 1 P 0
L 4.015 1.395 4.025 1.395 1 P 0
L 4.015 1.415 4.025 1.415 1 P 0
L 4.025 1.035 4.025 1.055 1 P 0
L 4.025 1.385 4.025 1.395 1 P 0
L 4.025 1.385 4.045 1.385 1 P 0
L 4.025 1.415 4.025 1.425 1 P 0
L 4.025 1.425 4.045 1.425 1 P 0
L 4.03 0.485 4.03 0.505 1 P 0
L 4.03 0.485 4.04 0.485 1 P 0
L 4.03 0.505 4.04 0.505 1 P 0
L 4.03 0.65 4.03 0.66 1 P 0
L 4.03 0.66 4.04 0.66 1 P 0
L 4.03 0.68 4.03 0.69 1 P 0
L 4.03 0.68 4.04 0.68 1 P 0
L 4.04 0.475 4.04 0.485 1 P 0
L 4.04 0.475 4.06 0.475 1 P 0
L 4.04 0.505 4.04 0.515 1 P 0
L 4.04 0.515 4.06 0.515 1 P 0
L 4.04 0.66 4.04 0.68 1 P 0
L 4.04 1.575 4.04 1.595 1 P 0
L 4.04 1.575 4.05 1.575 1 P 0
L 4.04 1.595 4.05 1.595 1 P 0
L 4.045 1.385 4.045 1.395 1 P 0
L 4.045 1.395 4.055 1.395 1 P 0
L 4.045 1.415 4.045 1.425 1 P 0
L 4.045 1.415 4.055 1.415 1 P 0
L 4.05 1.565 4.05 1.575 1 P 0
L 4.05 1.565 4.07 1.565 1 P 0
L 4.05 1.595 4.05 1.605 1 P 0
L 4.05 1.605 4.07 1.605 1 P 0
L 4.055 1.395 4.055 1.415 1 P 0
L 4.06 0.475 4.06 0.485 1 P 0
L 4.06 0.485 4.07 0.485 1 P 0
L 4.06 0.505 4.06 0.515 1 P 0
L 4.06 0.505 4.07 0.505 1 P 0
L 4.07 0.485 4.07 0.505 1 P 0
L 4.07 1.565 4.07 1.575 1 P 0
L 4.07 1.575 4.08 1.575 1 P 0
L 4.07 1.595 4.07 1.605 1 P 0
L 4.07 1.595 4.08 1.595 1 P 0
L 4.08 1.575 4.08 1.595 1 P 0
